x	y	z	U	V	W	Ro	P	
0.10211	0.10211	1.00293	-0.0251238	-0.0251238	0.146715	2711.51	8557.53	
0.102087	0.102087	1.0346	-0.0262485	-0.0262481	0.0198992	2500.52	7502.6	
0.102071	0.102071	1.06853	-0.0270637	-0.0270632	0.00633137	2500.18	7500.89	
0.10205	0.10205	1.10263	-0.0281122	-0.0281122	0.00112803	2500.18	7500.89	
0.10208	0.136634	1.00272	-0.0266091	-0.00909126	0.136046	2500.52	7502.6	
0.102081	0.136806	1.03465	-0.0265824	-0.000503171	0.0223286	2237.79	6188.97	
0.102064	0.136657	1.06854	-0.0274013	-0.00798573	0.00682567	2237.45	6187.26	
0.102057	0.136671	1.10261	-0.0277544	-0.00724927	0.000126979	2237.45	6187.26	
0.136602	0.102124	1.00269	-0.0107269	-0.0244072	0.134724	2500.52	7502.6	
0.136822	0.102073	1.03468	0.000287762	-0.0269562	0.0238951	2237.79	6188.97	
0.136633	0.102099	1.06855	-0.009163	-0.0256778	0.00716389	2237.45	6187.26	
0.136652	0.102085	1.10261	-0.0081974	-0.0263475	-2.41786e-05	2237.45	6187.26	
0.136546	0.136552	1.00253	-0.0134921	-0.0131914	0.126427	2237.79	6188.97	
0.136779	0.136778	1.03476	-0.00184221	-0.0019301	0.0279866	1914.13	4570.64	
0.136606	0.136611	1.06858	-0.010514	-0.010275	0.00839871	1913.79	4568.93	
0.136633	0.136636	1.10258	-0.0091588	-0.00903612	-0.00145744	1913.79	4568.93	
0.10207	0.102071	1.13684	-0.0270878	-0.027084	0.00125023	2500.18	7500.89	
0.10205	0.10205	1.17102	-0.0281282	-0.0281284	8.38062e-05	2500.18	7500.89	
0.102051	0.102051	1.20522	-0.0280607	-0.0280606	-8.94914e-05	2500.18	7500.89	
0.102051	0.102051	1.23943	-0.0280663	-0.0280663	-0.000132569	2500.18	7500.89	
0.102051	0.102051	1.27363	-0.0280661	-0.028066	-0.000141514	2500.18	7500.89	
0.102065	0.136643	1.13682	-0.0273449	-0.00867182	0.000156314	2237.45	6187.26	
0.102065	0.136646	1.17102	-0.0273713	-0.00853658	3.72329e-05	2237.45	6187.26	
0.102065	0.136644	1.20522	-0.0273608	-0.00863528	-6.68345e-05	2237.45	6187.26	
0.102065	0.136644	1.23943	-0.0273626	-0.00863545	-8.49478e-05	2237.45	6187.26	
0.102057	0.136665	1.2736	-0.0277766	-0.00758335	-0.00157155	2237.45	6187.26	
0.136623	0.102096	1.13682	-0.00968391	-0.0258354	0.000433302	2237.45	6187.26	
0.136621	0.102101	1.17102	-0.00978412	-0.0255625	8.07908e-05	2237.45	6187.26	
0.136619	0.102101	1.20522	-0.00986587	-0.0255727	-5.14995e-05	2237.45	6187.26	
0.136619	0.102101	1.23943	-0.00986587	-0.0255752	-7.48064e-05	2237.45	6187.26	
0.136644	0.102087	1.2736	-0.0086212	-0.0262728	-0.00187358	2237.45	6187.26	
0.136587	0.13659	1.13681	-0.0114658	-0.0113068	-0.000208655	1913.79	4568.93	
0.13659	0.136594	1.17102	-0.0113167	-0.0111035	-5.25523e-05	1913.79	4568.93	
0.136589	0.136593	1.20522	-0.0113742	-0.01117	-4.95675e-05	1913.79	4568.93	
0.13659	0.136594	1.23943	-0.011329	-0.0111182	-0.000123545	1913.79	4568.93	
0.136624	0.136627	1.27356	-0.00960681	-0.00948963	-0.00373758	1913.79	4568.93	
0.102073	0.102072	1.30785	-0.0269861	-0.0269884	0.000816911	2500.18	7500.89	
0.10205	0.10205	1.34204	-0.0281365	-0.0281363	2.04249e-06	2500.18	7500.89	
0.102051	0.102051	1.37624	-0.0280604	-0.0280603	-0.000108172	2500.18	7500.89	
0.102051	0.102051	1.41045	-0.028067	-0.028067	-0.000164584	2500.18	7500.89	
0.102068	0.136642	1.30783	-0.0272243	-0.00871387	-0.000338807	2237.45	6187.26	
0.102065	0.136645	1.34204	-0.0273827	-0.00855353	-7.58064e-05	2237.45	6187.26	
0.102065	0.136644	1.37624	-0.0273603	-0.00863713	-9.70805e-05	2237.45	6187.26	
0.102057	0.136665	1.41041	-0.0277828	-0.0075835	-0.00177971	2237.45	6187.26	
0.136622	0.102098	1.30783	-0.009711	-0.0257308	-8.63911e-05	2237.45	6187.26	
0.13662	0.102101	1.34204	-0.00980702	-0.0255674	-4.22308e-05	2237.45	6187.26	
0.136619	0.102101	1.37624	-0.00986412	-0.0255767	-8.4812e-05	2237.45	6187.26	
0.136644	0.102087	1.41041	-0.00862149	-0.0262784	-0.00208722	2237.45	6187.26	
0.136586	0.136589	1.30782	-0.0115112	-0.011358	-0.000805053	1913.79	4568.93	
0.13659	0.136594	1.34204	-0.0113398	-0.0111273	-0.000201063	1913.79	4568.93	
0.13659	0.136594	1.37624	-0.0113225	-0.0111105	-0.00017695	1913.79	4568.93	
0.136624	0.136627	1.41038	-0.00960685	-0.00948965	-0.0036384	1913.79	4568.93	
0.102063	0.102063	1.4447	-0.0274573	-0.0274592	0.00210034	2499.75	7498.76	
0.103107	0.103107	1.48325	0.0247567	0.024757	0.21989	2236.68	6183.42	
0.102097	0.136478	1.44484	-0.0257393	-0.0169173	0.00925207	2237.03	6185.13	
0.103327	0.136848	1.48396	0.0357331	0.00159667	0.254909	1909.44	4547.21	
0.1364	0.102188	1.4449	-0.0208038	-0.0212058	0.0125841	2237.03	6185.13	
0.13686	0.103305	1.48389	0.0021875	0.0346224	0.251857	1909.44	4547.21	
0.136404	0.136413	1.44521	-0.0206101	-0.020154	0.0279307	1913.36	4566.8	
0.137045	0.137048	1.48448	0.011414	0.0115841	0.281239	1509.79	2548.97	
0.102075	0.170927	1.00264	-0.0268397	-0.0046739	0.132225	2500.18	7500.89	
0.102034	0.171188	1.03466	-0.0289018	0.00839456	0.022919	2237.45	6187.26	
0.102059	0.171001	1.06856	-0.0276607	-0.000946003	0.00743654	2237.11	6185.55	
0.102064	0.170986	1.10265	-0.0274144	-0.00174472	0.00197156	2237.11	6185.55	
0.102078	0.205166	1.00269	-0.0267104	-0.00290275	0.134699	2500.18	7500.89	
0.102082	0.205386	1.03463	-0.0265215	0.00809477	0.0214036	2237.45	6187.26	
0.102065	0.205233	1.06855	-0.027355	0.000430119	0.00724414	2237.11	6185.55	
0.102056	0.205222	1.10264	-0.0278356	-0.000141056	0.00155882	2237.11	6185.55	
0.102077	0.239378	1.00269	-0.0267562	-0.00252398	0.134466	2500.18	7500.89	
0.102079	0.239598	1.03464	-0.0266848	0.00849585	0.0215783	2237.45	6187.26	
0.102064	0.239443	1.06855	-0.0273913	0.000745168	0.00710328	2237.11	6185.55	
0.102056	0.239433	1.10264	-0.0278024	0.000231956	0.00163599	2237.11	6185.55	
0.102077	0.273584	1.00269	-0.0267484	-0.00242501	0.134461	2500.18	7500.89	
0.102079	0.273804	1.03464	-0.0266697	0.00856256	0.0215564	2237.45	6187.26	
0.102065	0.27365	1.06855	-0.0273856	0.000851192	0.00712031	2237.11	6185.55	
0.102056	0.273639	1.10265	-0.0278031	0.000318581	0.00164427	2237.11	6185.55	
0.136534	0.170914	1.00249	-0.0141027	-0.00530692	0.124501	2237.45	6187.26	
0.136809	0.1711	1.03476	-0.000344049	0.00396365	0.0278839	1913.79	4568.93	
0.136613	0.170993	1.06859	-0.0101716	-0.00138621	0.00903027	1913.44	4567.22	
0.136636	0.170959	1.10263	-0.00900953	-0.00309502	0.000740546	1913.44	4567.22	
0.136544	0.205156	1.00248	-0.01362	-0.00340067	0.123817	2237.45	6187.26	
0.136833	0.205367	1.03479	0.000810749	0.00713123	0.0292117	1913.79	4568.93	
0.136623	0.20524	1.0686	-0.00967803	0.000755776	0.00940502	1913.44	4567.22	
0.136652	0.205219	1.10261	-0.00823024	-0.000270956	6.88856e-05	1913.44	4567.22	
0.136545	0.239372	1.00247	-0.0135459	-0.00281237	0.123646	2237.45	6187.26	
0.136834	0.239588	1.03479	0.000875142	0.00798885	0.0291106	1913.79	4568.93	
0.136624	0.239461	1.0686	-0.00962855	0.00163119	0.009406	1913.44	4567.22	
0.136652	0.239436	1.10262	-0.00820195	0.000363114	0.000267496	1913.44	4567.22	
0.136587	0.273529	1.00249	-0.0114608	-0.00519675	0.124707	2237.45	6187.26	
0.136833	0.273793	1.03475	0.000810062	0.00800127	0.0272739	1913.79	4568.93	
0.136662	0.273624	1.06859	-0.00770525	-0.000451428	0.00901187	1913.44	4567.22	
0.13668	0.273608	1.10262	-0.00679908	-0.0012254	0.000623798	1913.44	4567.22	
0.102065	0.17097	1.13684	-0.0273751	-0.00252454	0.00113711	2237.11	6185.55	
0.102066	0.170974	1.17102	-0.0272983	-0.00231756	0.000133618	2237.11	6185.55	
0.102066	0.170974	1.20522	-0.0273115	-0.00234026	-2.15025e-05	2237.11	6185.55	
0.102065	0.170977	1.23942	-0.0273711	-0.00217108	-0.000238037	2237.11	6185.55	
0.102066	0.170976	1.27363	-0.0273105	-0.00221485	2.68601e-05	2237.11	6185.55	
0.102061	0.205209	1.13684	-0.0275543	-0.00075588	0.00108452	2237.11	6185.55	
0.102064	0.205211	1.17102	-0.0274361	-0.000665636	0.000144713	2237.11	6185.55	
0.102063	0.20521	1.20522	-0.027447	-0.000705	-3.71156e-05	2237.11	6185.55	
0.102063	0.20521	1.23943	-0.0274433	-0.000702301	-6.46139e-05	2237.11	6185.55	
0.102055	0.205213	1.27363	-0.0278738	-0.000596243	-0.00021984	2237.11	6185.55	
0.102061	0.239423	1.13684	-0.027575	-0.000286571	0.00111587	2237.11	6185.55	
0.102064	0.239425	1.17102	-0.0274115	-0.000196819	0.000154805	2237.11	6185.55	
0.102064	0.239423	1.20522	-0.0274278	-0.000254192	-1.72363e-05	2237.11	6185.55	
0.102064	0.239424	1.23943	-0.0274205	-0.00024563	-8.14993e-05	2237.11	6185.55	
0.102056	0.239424	1.27363	-0.0278284	-0.000211643	-0.000120644	2237.11	6185.55	
0.102055	0.273635	1.13683	-0.0278392	0.000100961	0.000881348	2237.11	6185.55	
0.102064	0.273631	1.17102	-0.0273936	-8.3149e-05	0.000121551	2237.11	6185.55	
0.102064	0.27363	1.20522	-0.0274291	-0.000124067	-2.8115e-05	2237.11	6185.55	
0.102064	0.27363	1.23943	-0.0274209	-0.00012831	-7.4717e-05	2237.11	6185.55	
0.102056	0.27363	1.27363	-0.0278305	-0.000111786	-0.00010291	2237.11	6185.55	
0.136597	0.170953	1.13682	-0.0109538	-0.00334964	0.00033898	1913.44	4567.22	
0.136598	0.170954	1.17102	-0.0109398	-0.00334244	6.27774e-05	1913.44	4567.22	
0.136596	0.170954	1.20522	-0.0110048	-0.00332309	-1.80829e-05	1913.44	4567.22	
0.136596	0.17096	1.23942	-0.0110289	-0.00301725	-0.000295112	1913.44	4567.22	
0.136625	0.17095	1.2736	-0.00955794	-0.00353888	-0.0018482	1913.44	4567.22	
0.136605	0.205204	1.13682	-0.0105701	-0.00102294	0.000160999	1913.44	4567.22	
0.136607	0.205204	1.17102	-0.0104887	-0.00102158	5.3105e-05	1913.44	4567.22	
0.136605	0.205204	1.20522	-0.0105593	-0.00100216	-4.48188e-05	1913.44	4567.22	
0.136604	0.205207	1.23943	-0.0106007	-0.000889756	-6.20928e-05	1913.44	4567.22	
0.13664	0.205207	1.27358	-0.00881769	-0.000862573	-0.00262884	1913.44	4567.22	
0.136606	0.239421	1.13682	-0.0105298	-0.000392385	0.000300912	1913.44	4567.22	
0.136608	0.239423	1.17102	-0.0104078	-0.000301445	5.75626e-05	1913.44	4567.22	
0.136607	0.239422	1.20522	-0.0104745	-0.00031567	-1.57049e-05	1913.44	4567.22	
0.136606	0.239426	1.23943	-0.0105285	-0.0001499	-0.000121766	1913.44	4567.22	
0.136641	0.239423	1.27358	-0.0087811	-0.000259617	-0.00243274	1913.44	4567.22	
0.136643	0.273583	1.13682	-0.00865749	-0.00249654	0.000261335	1913.44	4567.22	
0.136647	0.273584	1.17102	-0.00848082	-0.00241106	4.05249e-05	1913.44	4567.22	
0.136646	0.273584	1.20522	-0.00853155	-0.00242577	-2.26902e-05	1913.44	4567.22	
0.136645	0.273587	1.23943	-0.00857946	-0.00228574	-0.00010629	1913.44	4567.22	
0.136671	0.273594	1.27359	-0.00728198	-0.00195555	-0.00190721	1913.44	4567.22	
0.102068	0.17097	1.30785	-0.0272068	-0.00251915	0.000469233	2237.11	6185.55	
0.102066	0.170973	1.34204	-0.0273045	-0.00235504	-2.96044e-05	2237.11	6185.55	
0.102065	0.170977	1.37624	-0.027367	-0.00216114	-0.000235162	2237.11	6185.55	
0.102075	0.17095	1.41047	-0.0268507	-0.00350982	0.000994609	2237.11	6185.55	
0.102065	0.205209	1.30785	-0.0273723	-0.000768226	0.000431738	2237.11	6185.55	
0.102063	0.205211	1.34204	-0.0274525	-0.000687963	-2.04672e-05	2237.11	6185.55	
0.102063	0.205208	1.37625	-0.0274521	-0.000802288	4.66797e-05	2237.11	6185.55	
0.102054	0.205209	1.41044	-0.0279278	-0.000778464	-0.000545694	2237.11	6185.55	
0.102064	0.239423	1.30785	-0.0273911	-0.000297337	0.000472318	2237.11	6185.55	
0.102064	0.239424	1.34204	-0.0274288	-0.000243434	1.69142e-05	2237.11	6185.55	
0.102064	0.239424	1.37624	-0.027419	-0.000249009	-7.83288e-05	2237.11	6185.55	
0.102055	0.239423	1.41044	-0.0278455	-0.00026369	-0.000377565	2237.11	6185.55	
0.102059	0.273632	1.30784	-0.0276844	-1.2869e-05	0.000303248	2237.11	6185.55	
0.102064	0.27363	1.34204	-0.0274087	-0.000114028	-1.88009e-05	2237.11	6185.55	
0.102064	0.27363	1.37624	-0.0274221	-0.000117697	-7.49144e-05	2237.11	6185.55	
0.102055	0.27363	1.41044	-0.0278499	-0.000124102	-0.00036451	2237.11	6185.55	
0.136596	0.170953	1.30783	-0.0110177	-0.00335353	-0.00047289	1913.44	4567.22	
0.136597	0.170953	1.34204	-0.0109728	-0.00337247	-0.000157082	1913.44	4567.22	
0.136595	0.17096	1.37624	-0.0110479	-0.00301414	-0.0003202	1913.44	4567.22	
0.136623	0.170907	1.41045	-0.00965957	-0.00567842	0.000123276	1913.44	4567.22	
0.136604	0.205204	1.30782	-0.0106231	-0.00102554	-0.000673805	1913.44	4567.22	
0.136606	0.205204	1.34204	-0.0105288	-0.00103874	-0.000191335	1913.44	4567.22	
0.136604	0.205202	1.37625	-0.0106131	-0.00112347	0.000106661	1913.44	4567.22	
0.136639	0.205201	1.4104	-0.00886184	-0.00119478	-0.00263414	1913.44	4567.22	
0.136605	0.23942	1.30783	-0.0105794	-0.000417723	-0.000534374	1913.44	4567.22	
0.136607	0.239421	1.34204	-0.0104464	-0.000369964	-0.000139451	1913.44	4567.22	
0.136606	0.239424	1.37624	-0.0105142	-0.000212014	-0.000166025	1913.44	4567.22	
0.13664	0.239422	1.4104	-0.00879252	-0.000348848	-0.00233623	1913.44	4567.22	
0.136642	0.27358	1.30783	-0.0087147	-0.00263803	-0.000457556	1913.44	4567.22	
0.136646	0.273584	1.34204	-0.00850971	-0.00245487	-0.000164657	1913.44	4567.22	
0.136645	0.273586	1.37624	-0.00856405	-0.00231265	-0.000142946	1913.44	4567.22	
0.136671	0.273593	1.41041	-0.00728746	-0.00198068	-0.00182213	1913.44	4567.22	
0.102193	0.170635	1.44502	-0.0209557	-0.0192493	0.0181326	2236.68	6183.42	
0.103361	0.170954	1.48395	0.0374171	-0.00329955	0.254783	1909.1	4545.5	
0.102093	0.204919	1.44493	-0.0259551	-0.015252	0.0140852	2236.68	6183.42	
0.103353	0.205153	1.48399	0.0370244	-0.00355616	0.256752	1909.1	4545.5	
0.1021	0.239132	1.44494	-0.0256215	-0.0148265	0.0145773	2236.68	6183.42	
0.103354	0.239352	1.48399	0.0371036	-0.00383038	0.25678	1909.1	4545.5	
0.102093	0.273342	1.44494	-0.0259619	-0.0145223	0.0144343	2236.68	6183.42	
0.103355	0.273556	1.48399	0.0371185	-0.00385541	0.256809	1909.1	4545.5	
0.136361	0.170687	1.4454	-0.0227628	-0.0166836	0.037249	1913.02	4565.09	
0.137103	0.170999	1.48454	0.01435	-0.00109039	0.284157	1509.45	2547.26	
0.136348	0.204921	1.44538	-0.0234377	-0.0151981	0.0362461	1913.02	4565.09	
0.137093	0.205168	1.48455	0.0138107	-0.00282489	0.284631	1509.45	2547.26	
0.136348	0.239124	1.44539	-0.0234092	-0.0152525	0.0367627	1913.02	4565.09	
0.137092	0.23936	1.48455	0.013759	-0.00341308	0.28468	1509.45	2547.26	
0.13643	0.273235	1.44534	-0.0193352	-0.0198666	0.0341572	1913.02	4565.09	
0.137071	0.273591	1.4846	0.0127152	-0.00209557	0.286967	1509.45	2547.26	
0.102087	0.307785	1.00265	-0.0262694	-0.00259553	0.132738	2500.18	7500.89	
0.102022	0.308063	1.03466	-0.0295291	0.0112931	0.0228941	2237.45	6187.26	
0.102049	0.307872	1.06856	-0.0281787	0.00176939	0.00758048	2237.11	6185.55	
0.102054	0.307856	1.10265	-0.0279013	0.00094396	0.00193851	2237.11	6185.55	
0.102077	0.341998	1.00269	-0.026744	-0.00216464	0.134469	2500.18	7500.89	
0.102083	0.342221	1.03463	-0.0264529	0.00901882	0.0213622	2237.45	6187.26	
0.102066	0.342068	1.06855	-0.0272943	0.00135469	0.0072315	2237.11	6185.55	
0.102056	0.342054	1.10265	-0.0277924	0.000654217	0.00170787	2237.11	6185.55	
0.102085	0.376244	1.00269	-0.0263513	-4.26405e-05	0.134749	2500.52	7502.6	
0.102082	0.376479	1.03463	-0.0265009	0.0116902	0.021538	2237.79	6188.97	
0.102067	0.37632	1.06855	-0.02726	0.00377468	0.00706877	2237.45	6187.26	
0.102059	0.376309	1.10265	-0.0276648	0.00322909	0.00164976	2237.45	6187.26	
0.102153	0.410912	1.00276	-0.0229459	0.0231656	0.137934	2711.51	8557.53	
0.102138	0.411156	1.03464	-0.0237189	0.0353445	0.021722	2500.52	7502.6	
0.102122	0.411019	1.06855	-0.024526	0.0284944	0.00707447	2500.18	7500.89	
0.102093	0.411028	1.10264	-0.0259504	0.0289717	0.00162344	2500.18	7500.89	
0.136541	0.307779	1.00248	-0.013758	-0.00290968	0.123788	2237.45	6187.26	
0.136822	0.307997	1.03479	0.000259396	0.0080054	0.0291885	1913.79	4568.93	
0.136618	0.307863	1.0686	-0.00992474	0.00129403	0.00937561	1913.44	4567.22	
0.136643	0.307828	1.10263	-0.00868263	-0.000429938	0.000760971	1913.44	4567.22	
0.136543	0.341991	1.00247	-0.0136446	-0.00247244	0.123665	2237.45	6187.26	
0.136831	0.342207	1.03479	0.00074189	0.00829893	0.0290981	1913.79	4568.93	
0.136621	0.342079	1.0686	-0.00975135	0.00190015	0.0094986	1913.44	4567.22	
0.136651	0.342052	1.10262	-0.00827813	0.000550029	0.000229935	1913.44	4567.22	
0.136514	0.376273	1.00248	-0.0151074	0.00142985	0.124176	2237.79	6188.97	
0.136788	0.376458	1.03476	-0.00141151	0.0106616	0.0275482	1914.13	4570.64	
0.136574	0.376353	1.06859	-0.0120924	0.00542598	0.00922713	1913.79	4568.93	
0.136609	0.37632	1.10261	-0.0103466	0.00374556	-0.000140986	1913.79	4568.93	
0.136626	0.410896	1.00254	-0.00952513	0.0223672	0.127235	2500.52	7502.6	
0.136836	0.411158	1.03471	0.00100835	0.0354292	0.0251593	2237.79	6188.97	
0.136661	0.411003	1.06857	-0.00778019	0.027712	0.00826529	2237.45	6187.26	
0.136671	0.410993	1.10263	-0.00726539	0.0272162	0.00085474	2237.45	6187.26	
0.102055	0.307844	1.13684	-0.0278579	0.00036026	0.00105293	2237.11	6185.55	
0.102056	0.307847	1.17102	-0.0278026	0.000525763	0.000163713	2237.11	6185.55	
0.102056	0.307846	1.20522	-0.0278157	0.000463519	-2.48467e-05	2237.11	6185.55	
0.102056	0.307846	1.23943	-0.0278355	0.00048135	-8.81347e-05	2237.11	6185.55	
0.102057	0.307845	1.27363	-0.0277619	0.000395389	-5.35315e-05	2237.11	6185.55	
0.102062	0.342048	1.13684	-0.0275269	0.000348294	0.000967252	2237.11	6185.55	
0.102065	0.342046	1.17102	-0.0273822	0.00025692	0.000129798	2237.11	6185.55	
0.102064	0.342045	1.20522	-0.0273954	0.000215808	-2.45926e-05	2237.11	6185.55	
0.102064	0.342045	1.23943	-0.0273949	0.000203682	-6.57455e-05	2237.11	6185.55	
0.102056	0.342044	1.27363	-0.0278363	0.000184116	-6.78614e-05	2237.11	6185.55	
0.102071	0.37633	1.1368	-0.0270696	0.00427518	-0.000759731	2237.45	6187.26	
0.102066	0.3763	1.17102	-0.027302	0.00275187	-0.000117106	2237.45	6187.26	
0.102067	0.376301	1.20522	-0.027286	0.00280038	-9.73478e-05	2237.45	6187.26	
0.102067	0.376301	1.23943	-0.0272801	0.00278428	-8.54473e-05	2237.45	6187.26	
0.102058	0.3763	1.27363	-0.0276874	0.00277749	-8.50171e-05	2237.45	6187.26	
0.102092	0.411023	1.13684	-0.0260114	0.0286904	0.00103774	2500.18	7500.89	
0.102103	0.411021	1.17102	-0.0254632	0.028593	0.000114832	2500.18	7500.89	
0.102102	0.411021	1.20522	-0.0255014	0.0285844	-8.41207e-05	2500.18	7500.89	
0.102102	0.411021	1.23943	-0.0254933	0.0285854	-0.000123975	2500.18	7500.89	
0.102094	0.411019	1.27363	-0.0259128	0.0284835	9.30058e-06	2500.18	7500.89	
0.136603	0.307827	1.13682	-0.0106531	-0.000507237	0.000334515	1913.44	4567.22	
0.136603	0.307825	1.17102	-0.0106464	-0.000584347	8.09722e-05	1913.44	4567.22	
0.136602	0.307825	1.20522	-0.0107131	-0.000580911	-1.37877e-05	1913.44	4567.22	
0.136601	0.307828	1.23943	-0.0107531	-0.000446124	-0.00012315	1913.44	4567.22	
0.136632	0.307817	1.27359	-0.00923835	-0.00100556	-0.00195321	1913.44	4567.22	
0.136603	0.342045	1.13682	-0.010649	0.000218255	1.08809e-05	1913.44	4567.22	
0.136604	0.342042	1.17102	-0.0105945	3.72331e-05	-1.54866e-05	1913.44	4567.22	
0.136604	0.342041	1.20522	-0.0106173	2.37191e-06	-3.79814e-05	1913.44	4567.22	
0.136603	0.342043	1.23943	-0.0106704	0.000103835	-6.16178e-05	1913.44	4567.22	
0.136639	0.342039	1.27358	-0.00886821	-7.3243e-05	-0.00248521	1913.44	4567.22	
0.136555	0.376337	1.13679	-0.0130466	0.00461176	-0.00121876	1913.79	4568.93	
0.136555	0.376314	1.17102	-0.0130718	0.00347214	-0.000216888	1913.79	4568.93	
0.136555	0.376316	1.20522	-0.0130642	0.00354656	-9.56399e-05	1913.79	4568.93	
0.136554	0.376319	1.23943	-0.0131214	0.00368374	-0.000121844	1913.79	4568.93	
0.136597	0.376307	1.27358	-0.0109413	0.00312938	-0.00282495	1913.79	4568.93	
0.136643	0.41097	1.13682	-0.00867741	0.026071	0.000310265	2237.45	6187.26	
0.136645	0.410966	1.17102	-0.00858922	0.0258683	3.00455e-05	2237.45	6187.26	
0.136643	0.410967	1.20522	-0.00864147	0.0258981	-7.4401e-05	2237.45	6187.26	
0.136642	0.41097	1.23943	-0.00870578	0.0260535	-0.000133242	2237.45	6187.26	
0.136662	0.41098	1.2736	-0.00772965	0.0265345	-0.00150469	2237.45	6187.26	
0.102059	0.307844	1.30784	-0.0276756	0.000344506	0.000366329	2237.11	6185.55	
0.102056	0.307846	1.34204	-0.0278083	0.000479275	-1.43008e-05	2237.11	6185.55	
0.102056	0.307847	1.37624	-0.027828	0.000489011	-9.16236e-05	2237.11	6185.55	
0.10207	0.307805	1.41048	-0.027097	-0.00158583	0.00163868	2237.11	6185.55	
0.102065	0.342047	1.30784	-0.0273416	0.00032194	0.000307502	2237.11	6185.55	
0.102064	0.342045	1.34204	-0.0274003	0.000218561	-2.35969e-05	2237.11	6185.55	
0.102064	0.342042	1.37625	-0.0274093	4.26839e-05	0.000107175	2237.11	6185.55	
0.102054	0.342039	1.41044	-0.0279074	-9.83355e-05	-0.000432405	2237.11	6185.55	
0.102074	0.37633	1.30781	-0.0268893	0.00424351	-0.00138013	2237.45	6187.26	
0.102066	0.376299	1.34204	-0.0273183	0.00269747	-0.000245268	2237.45	6187.26	
0.102067	0.3763	1.37624	-0.0272765	0.00277683	-0.000143124	2237.45	6187.26	
0.102058	0.376299	1.41044	-0.0276964	0.00270272	-0.000284642	2237.45	6187.26	
0.102095	0.411021	1.30785	-0.0258718	0.0285819	0.000530848	2500.18	7500.89	
0.102103	0.41102	1.34204	-0.0254769	0.0285598	-7.37836e-08	2500.18	7500.89	
0.102102	0.411021	1.37624	-0.0254946	0.0285791	-0.000116165	2500.18	7500.89	
0.102094	0.411018	1.41045	-0.0259131	0.0284655	-5.3868e-06	2500.18	7500.89	
0.136602	0.307826	1.30783	-0.0107172	-0.000544452	-0.000519696	1913.44	4567.22	
0.136603	0.307824	1.34204	-0.0106856	-0.000625494	-0.000155117	1913.44	4567.22	
0.1366	0.307828	1.37624	-0.0107954	-0.000446586	-0.000138662	1913.44	4567.22	
0.136627	0.307757	1.41047	-0.00947047	-0.00396155	0.000870109	1913.44	4567.22	
0.136602	0.342045	1.30782	-0.0107025	0.000196297	-0.000838145	1913.44	4567.22	
0.136603	0.342041	1.34204	-0.0106413	-5.87727e-06	-0.00024207	1913.44	4567.22	
0.136602	0.342036	1.37625	-0.0106991	-0.000226497	0.000193592	1913.44	4567.22	
0.136638	0.34203	1.4104	-0.00893108	-0.000535747	-0.00254113	1913.44	4567.22	
0.136554	0.376336	1.3078	-0.0130936	0.00456543	-0.00203213	1913.79	4568.93	
0.136554	0.376313	1.34203	-0.0131119	0.00338738	-0.000400192	1913.79	4568.93	
0.136554	0.376317	1.37624	-0.0131207	0.00360907	-0.000213976	1913.79	4568.93	
0.136597	0.376305	1.41039	-0.0109577	0.00300081	-0.00274668	1913.79	4568.93	
0.136642	0.410968	1.30783	-0.00872364	0.0259377	-0.000348381	2237.45	6187.26	
0.136644	0.410965	1.34204	-0.00861526	0.0258214	-0.000155177	2237.45	6187.26	
0.136642	0.410969	1.37624	-0.0087043	0.0260074	-0.000159062	2237.45	6187.26	
0.136662	0.410979	1.41041	-0.00773578	0.0265065	-0.00173756	2237.45	6187.26	
0.102193	0.307464	1.44503	-0.0209376	-0.0186349	0.0188659	2236.68	6183.42	
0.103374	0.307739	1.48397	0.0380877	-0.00488473	0.25551	1909.1	4545.5	
0.102091	0.341745	1.44493	-0.0260713	-0.014786	0.0140882	2236.68	6183.42	
0.103352	0.341965	1.48399	0.0369933	-0.00379444	0.256819	1909.1	4545.5	
0.102106	0.376011	1.44489	-0.0253303	-0.011717	0.0118524	2237.03	6185.13	
0.103315	0.376146	1.48397	0.0351228	-0.00493632	0.255692	1909.44	4547.21	
0.102083	0.410705	1.44485	-0.02644	0.0127865	0.0100747	2499.75	7498.76	
0.10307	0.409875	1.48295	0.022871	-0.0286833	0.204829	2236.68	6183.42	
0.136363	0.30753	1.4454	-0.022684	-0.0153286	0.0371124	1913.02	4565.09	
0.137102	0.307765	1.48455	0.0143076	-0.00360237	0.284804	1509.45	2547.26	
0.136345	0.341749	1.44538	-0.0235722	-0.0145655	0.0365503	1913.02	4565.09	
0.13709	0.341976	1.48455	0.0136644	-0.00322775	0.284697	1509.45	2547.26	
0.136312	0.375927	1.4453	-0.0252029	-0.0158878	0.0323304	1913.36	4566.8	
0.137052	0.376004	1.48452	0.0117699	-0.0120512	0.283224	1509.79	2548.97	
0.136427	0.410546	1.44506	-0.0194687	0.00485707	0.0203614	2237.03	6185.13	
0.136852	0.409664	1.48365	0.00177408	-0.0392404	0.239762	1909.44	4547.21	
0.244934	0.103655	0.980231	0.275273	0.0521358	0.261572	2154.3	5771.48	
0.245219	0.13679	0.980777	0.289515	-0.00132487	0.288874	1808.78	4043.92	
0.274137	0.103018	0.953605	0.0252234	0.0202667	0.180239	2351.85	6759.27	
0.274379	0.136886	0.954275	0.0373101	0.00347569	0.213767	2055.66	5278.32	
0.170946	0.102085	1.00266	-0.00371986	-0.0263784	0.133018	2499.75	7498.76	
0.171261	0.102079	1.03468	0.012042	-0.0266384	0.0236065	2237.03	6185.13	
0.171095	0.102105	1.06856	0.00375189	-0.0253627	0.00775303	2236.68	6183.42	
0.171075	0.102109	1.10265	0.00274806	-0.0251672	0.00208776	2236.68	6183.42	
0.170913	0.136624	1.00252	-0.00535308	-0.00960619	0.126239	2237.03	6185.13	
0.171416	0.13684	1.03482	0.0197989	0.00116676	0.0306789	1913.36	4566.8	
0.171262	0.136726	1.0686	0.0121035	-0.00451932	0.00969614	1913.02	4565.09	
0.171235	0.136739	1.10265	0.0107246	-0.00388898	0.00181614	1913.02	4565.09	
0.209418	0.102953	1.00317	0.209684	0.0170544	0.158339	2236.97	6184.83	
0.210486	0.103265	1.03484	0.263084	0.0326503	0.0319001	1911.29	4556.43	
0.210382	0.103314	1.06853	0.25789	0.035084	0.00591872	1910.51	4552.54	
0.210366	0.10332	1.10258	0.257055	0.0353916	-0.00169203	1910.51	4552.54	
0.209796	0.136688	1.00335	0.228573	-0.00643557	0.167478	1913.45	4567.25	
0.210871	0.137203	1.03509	0.28231	0.0193459	0.0444274	1510.23	2551.16	
0.210847	0.137069	1.06857	0.281105	0.0126348	0.0083018	1509.45	2547.26	
0.21089	0.137043	1.1026	0.283289	0.0113371	-0.000773234	1509.45	2547.26	
0.171342	0.102192	1.1365	0.0161029	-0.0210074	-0.0156061	2236.68	6183.42	
0.171045	0.102104	1.17097	0.00121639	-0.0254251	-0.00228993	2236.68	6183.42	
0.171064	0.102111	1.20521	0.00217403	-0.0250848	-0.000750647	2236.68	6183.42	
0.171066	0.102109	1.23942	0.00230057	-0.0251577	-0.000413202	2236.68	6183.42	
0.171066	0.10211	1.27363	0.00226532	-0.0250875	7.28863e-06	2236.68	6183.42	
0.171479	0.136654	1.1365	0.0229354	-0.00810524	-0.0155824	1913.02	4565.09	
0.171196	0.136707	1.17097	0.00877669	-0.00545158	-0.00259672	1913.02	4565.09	
0.171217	0.136715	1.20521	0.00981225	-0.00505947	-0.00090602	1913.02	4565.09	
0.171222	0.136715	1.23942	0.0100709	-0.00505151	-0.000554821	1913.02	4565.09	
0.171222	0.136732	1.27361	0.0100993	-0.00420867	-0.00121159	1913.02	4565.09	
0.210373	0.103338	1.13673	0.257402	0.0362812	-0.00454913	1910.51	4552.54	
0.210354	0.103325	1.17093	0.2565	0.0356306	-0.00438139	1910.51	4552.54	
0.21036	0.103327	1.20513	0.256781	0.0357367	-0.00485151	1910.51	4552.54	
0.210363	0.103326	1.23933	0.256945	0.0356776	-0.00477537	1910.51	4552.54	
0.210356	0.103324	1.27355	0.256584	0.0356056	-0.00437013	1910.51	4552.54	
0.210881	0.137067	1.13675	0.282809	0.0125094	-0.00348148	1509.45	2547.26	
0.210815	0.137041	1.17092	0.279517	0.0112223	-0.00515078	1509.45	2547.26	
0.210822	0.13704	1.20511	0.279879	0.0111819	-0.00570709	1509.45	2547.26	
0.210827	0.137039	1.23931	0.280122	0.0111566	-0.00569942	1509.45	2547.26	
0.21088	0.137032	1.27354	0.282788	0.0107611	-0.004459	1509.45	2547.26	
0.171343	0.102196	1.30751	0.0161232	-0.020801	-0.0163585	2236.68	6183.42	
0.171044	0.102104	1.34199	0.00117788	-0.0254344	-0.00246913	2236.68	6183.42	
0.171068	0.10211	1.37623	0.00238295	-0.0251296	-0.000990549	2236.68	6183.42	
0.171033	0.102118	1.41047	0.000619102	-0.0247335	0.00102442	2236.68	6183.42	
0.171479	0.136653	1.30751	0.0229125	-0.00815551	-0.0165443	1913.02	4565.09	
0.171195	0.136707	1.34198	0.00872637	-0.00546219	-0.00287109	1913.02	4565.09	
0.171224	0.136713	1.37622	0.010177	-0.00515238	-0.00125831	1913.02	4565.09	
0.171164	0.13674	1.41046	0.00719582	-0.00382777	0.000308495	1913.02	4565.09	
0.210371	0.103342	1.30773	0.257346	0.0364719	-0.00535082	1910.51	4552.54	
0.210354	0.103325	1.34195	0.256495	0.0356241	-0.00461168	1910.51	4552.54	
0.210356	0.103328	1.37615	0.256587	0.0358025	-0.00465276	1910.51	4552.54	
0.210348	0.103327	1.41036	0.25616	0.0357399	-0.00449839	1910.51	4552.54	
0.210879	0.137065	1.30775	0.282705	0.0124254	-0.00444854	1509.45	2547.26	
0.210815	0.13704	1.34193	0.279517	0.0111826	-0.00543029	1509.45	2547.26	
0.210819	0.137039	1.37613	0.279731	0.0111345	-0.00554688	1509.45	2547.26	
0.21087	0.137031	1.41036	0.282275	0.0107129	-0.00444546	1509.45	2547.26	
0.171035	0.10232	1.44469	0.000726526	-0.0145904	0.00191749	2236.26	6181.28	
0.171183	0.103503	1.4839	0.00815348	0.0445188	0.252222	1908.67	4543.37	
0.17122	0.13657	1.44522	0.00997269	-0.0123	0.0284636	1912.59	4562.96	
0.171737	0.137219	1.48449	0.0358224	0.0201469	0.281652	1509.03	2545.13	
0.209975	0.103569	1.44506	0.237522	0.0478445	0.0205969	1910.08	4550.41	
0.209224	0.104542	1.48286	0.19998	0.0965042	0.20017	1647.01	3235.06	
0.210534	0.137037	1.44565	0.265496	0.0110215	0.0498149	1509.03	2545.13	
0.208957	0.137708	1.48264	0.186623	0.0445938	0.189057	1181.44	907.213	
0.245209	0.170944	0.980776	0.289002	-0.00379733	0.288807	1808.44	4042.21	
0.245262	0.205003	0.980806	0.291667	-0.0110652	0.29032	1808.44	4042.21	
0.245264	0.239183	0.98081	0.291759	-0.0122555	0.290477	1808.44	4042.21	
0.245264	0.273382	0.98081	0.291785	-0.0125483	0.290498	1808.44	4042.21	
0.274353	0.170971	0.954238	0.0360186	-0.00247912	0.211913	2055.32	5276.61	
0.274354	0.205155	0.954243	0.0360914	-0.0034762	0.21216	2055.32	5276.61	
0.274351	0.239351	0.954247	0.0358994	-0.00386893	0.212325	2055.32	5276.61	
0.274354	0.273578	0.954296	0.0360729	-0.00271476	0.214824	2055.32	5276.61	
0.171227	0.170591	1.00255	0.0103258	-0.0214711	0.127471	2236.68	6183.42	
0.17177	0.170798	1.03487	0.0374664	-0.0111061	0.033125	1913.02	4565.09	
0.171646	0.170638	1.06864	0.0312626	-0.0191251	0.0114113	1912.68	4563.38	
0.171624	0.170626	1.10268	0.0301684	-0.0197033	0.00315193	1912.68	4563.38	
0.170938	0.205093	1.00252	-0.00412798	-0.00656262	0.126209	2236.68	6183.42	
0.171461	0.205291	1.03481	0.0220306	0.0033507	0.0304166	1913.02	4565.09	
0.171283	0.205163	1.06863	0.0131354	-0.00307166	0.0109807	1912.68	4563.38	
0.171259	0.205157	1.10266	0.0119196	-0.00338388	0.00222024	1912.68	4563.38	
0.170969	0.239347	1.0025	-0.00257958	-0.00409393	0.125118	2236.68	6183.42	
0.171496	0.239555	1.03481	0.023773	0.00633491	0.0303463	1913.02	4565.09	
0.171323	0.239434	1.06862	0.0151183	0.00028712	0.0106675	1912.68	4563.38	
0.171295	0.239415	1.10267	0.0137518	-0.000683349	0.00310799	1912.68	4563.38	
0.17097	0.273576	1.0025	-0.00253137	-0.00284583	0.124873	2236.68	6183.42	
0.171495	0.273784	1.03481	0.023716	0.00756233	0.030304	1913.02	4565.09	
0.171321	0.273665	1.06862	0.0150072	0.00160678	0.0106812	1912.68	4563.38	
0.171295	0.273643	1.10268	0.0137504	0.000518715	0.00319751	1912.68	4563.38	
0.209993	0.170864	1.00328	0.238436	-0.00780141	0.164115	1913.11	4565.54	
0.211138	0.171157	1.03515	0.295661	0.00682174	0.0474231	1509.89	2549.45	
0.211112	0.171015	1.06861	0.294373	-0.00028803	0.0100908	1509.11	2545.55	
0.211072	0.170987	1.10261	0.292358	-0.00166283	-0.00030795	1509.11	2545.55	
0.209933	0.205025	1.00332	0.235448	-0.00998142	0.166096	1913.11	4565.54	
0.211065	0.205283	1.03518	0.292007	0.00294838	0.0485736	1509.89	2549.45	
0.21103	0.205133	1.06862	0.290263	-0.00457175	0.0105924	1509.11	2545.55	
0.211028	0.205117	1.10258	0.290161	-0.00535704	-0.00146393	1509.11	2545.55	
0.209955	0.23921	1.00332	0.236539	-0.0109492	0.16602	1913.11	4565.54	
0.211077	0.239465	1.03518	0.292625	0.00180524	0.0486151	1509.89	2549.45	
0.211042	0.239311	1.06862	0.290866	-0.00587673	0.0105535	1509.11	2545.55	
0.211038	0.239298	1.10258	0.290671	-0.00652275	-0.00160121	1509.11	2545.55	
0.209922	0.273335	1.00342	0.23488	-0.0148938	0.170768	1913.11	4565.54	
0.211025	0.273736	1.03516	0.290008	0.00517861	0.0476298	1509.89	2549.45	
0.211022	0.273544	1.06861	0.289858	-0.0044402	0.0101301	1509.11	2545.55	
0.211026	0.273521	1.10257	0.290059	-0.00556025	-0.002031	1509.11	2545.55	
0.171937	0.170663	1.13651	0.0458263	-0.0178565	-0.0153616	1912.68	4563.38	
0.171585	0.170577	1.17096	0.0282361	-0.0221646	-0.00308072	1912.68	4563.38	
0.171608	0.170599	1.2052	0.0293577	-0.0210644	-0.00118072	1912.68	4563.38	
0.171613	0.1706	1.23941	0.0296286	-0.0210008	-0.000807813	1912.68	4563.38	
0.171613	0.170615	1.27362	0.0296309	-0.0202863	-0.00057881	1912.68	4563.38	
0.171625	0.205132	1.13643	0.0302135	-0.00460074	-0.0191067	1912.68	4563.38	
0.171202	0.205105	1.17095	0.00908812	-0.00598749	-0.00333165	1912.68	4563.38	
0.171231	0.20512	1.2052	0.0105424	-0.00521903	-0.0010041	1912.68	4563.38	
0.171235	0.205122	1.23942	0.010712	-0.00510912	-0.000637333	1912.68	4563.38	
0.171244	0.205142	1.27361	0.0111595	-0.00414694	-0.00115252	1912.68	4563.38	
0.171663	0.239391	1.13644	0.0321345	-0.00185741	-0.0189158	1912.68	4563.38	
0.171245	0.239368	1.17095	0.0112082	-0.0030236	-0.00357059	1912.68	4563.38	
0.171274	0.239389	1.2052	0.0126766	-0.00200098	-0.00103741	1912.68	4563.38	
0.171277	0.239393	1.23941	0.0128245	-0.00179035	-0.000681871	1912.68	4563.38	
0.171281	0.239399	1.27363	0.0130084	-0.00148143	-0.000230671	1912.68	4563.38	
0.171575	0.273541	1.13653	0.0277353	-0.00458611	-0.0143633	1912.68	4563.38	
0.171249	0.273607	1.17096	0.0114485	-0.00128517	-0.0028617	1912.68	4563.38	
0.171273	0.273622	1.20521	0.0126342	-0.000521858	-0.000888024	1912.68	4563.38	
0.171276	0.273625	1.23942	0.0127794	-0.000362395	-0.000543864	1912.68	4563.38	
0.171281	0.273627	1.27363	0.0130082	-0.000260169	-0.000107504	1912.68	4563.38	
0.211126	0.170981	1.13673	0.295096	-0.00197103	-0.00451023	1509.11	2545.55	
0.211069	0.170968	1.17091	0.292217	-0.00261849	-0.00560887	1509.11	2545.55	
0.211074	0.170968	1.2051	0.292483	-0.002613	-0.00639132	1509.11	2545.55	
0.211081	0.170966	1.2393	0.292807	-0.00273744	-0.00625813	1509.11	2545.55	
0.211057	0.170974	1.27353	0.291607	-0.002302	-0.00492671	1509.11	2545.55	
0.211061	0.2051	1.13673	0.291805	-0.00620975	-0.00419705	1509.11	2545.55	
0.210984	0.205079	1.17091	0.28799	-0.00729824	-0.00536976	1509.11	2545.55	
0.210988	0.205077	1.2051	0.288191	-0.00737564	-0.00627887	1509.11	2545.55	
0.210996	0.205076	1.2393	0.288596	-0.0074412	-0.00621623	1509.11	2545.55	
0.211012	0.205099	1.27351	0.289368	-0.0062537	-0.00628256	1509.11	2545.55	
0.211075	0.239276	1.13673	0.292508	-0.00761172	-0.00430704	1509.11	2545.55	
0.210998	0.239249	1.17091	0.288673	-0.00897043	-0.00535206	1509.11	2545.55	
0.211002	0.23925	1.2051	0.288853	-0.00894766	-0.00629405	1509.11	2545.55	
0.211009	0.23925	1.2393	0.28921	-0.00891218	-0.00628323	1509.11	2545.55	
0.211022	0.239278	1.2735	0.289888	-0.00750613	-0.00644576	1509.11	2545.55	
0.211062	0.273505	1.13674	0.291872	-0.00638085	-0.00375761	1509.11	2545.55	
0.210986	0.273473	1.17091	0.288094	-0.00796948	-0.00541711	1509.11	2545.55	
0.210992	0.273472	1.2051	0.288399	-0.00805253	-0.00619513	1509.11	2545.55	
0.210997	0.273474	1.2393	0.288647	-0.00795563	-0.00622916	1509.11	2545.55	
0.211014	0.273498	1.2735	0.28946	-0.00675157	-0.0066264	1509.11	2545.55	
0.171937	0.170663	1.3075	0.0458468	-0.0178495	-0.0167405	1912.68	4563.38	
0.171584	0.170576	1.34197	0.028189	-0.0222085	-0.00347946	1912.68	4563.38	
0.171613	0.170599	1.37622	0.0296422	-0.0210895	-0.00148774	1912.68	4563.38	
0.171562	0.170557	1.41053	0.0270896	-0.0231478	0.00391224	1912.68	4563.38	
0.171625	0.205132	1.30743	0.0302484	-0.00462816	-0.0204521	1912.68	4563.38	
0.1712	0.205104	1.34197	0.00900306	-0.00604482	-0.00368662	1912.68	4563.38	
0.171236	0.205111	1.37622	0.0108047	-0.00566935	-0.00104041	1912.68	4563.38	
0.171192	0.205131	1.41047	0.00860017	-0.0046495	0.00122696	1912.68	4563.38	
0.171664	0.239391	1.30743	0.0321786	-0.00190145	-0.0202467	1912.68	4563.38	
0.171243	0.239366	1.34196	0.0111293	-0.00313323	-0.00388774	1912.68	4563.38	
0.17128	0.239385	1.37622	0.0129679	-0.00215344	-0.00138775	1912.68	4563.38	
0.171231	0.239386	1.41049	0.0105511	-0.00214903	0.0020212	1912.68	4563.38	
0.171575	0.273537	1.30753	0.0277248	-0.00479095	-0.0155583	1912.68	4563.38	
0.171248	0.273606	1.34198	0.0113776	-0.00135012	-0.00319785	1912.68	4563.38	
0.171278	0.273618	1.37622	0.0129044	-0.000734546	-0.00110968	1912.68	4563.38	
0.171237	0.273618	1.41049	0.0108094	-0.000743522	0.00205075	1912.68	4563.38	
0.211123	0.170981	1.30772	0.294947	-0.00196538	-0.00596797	1509.11	2545.55	
0.211068	0.170967	1.34192	0.29219	-0.00267963	-0.00603775	1509.11	2545.55	
0.211066	0.170967	1.37613	0.292063	-0.00268145	-0.00595461	1509.11	2545.55	
0.21103	0.170906	1.41041	0.290288	-0.00570939	-0.00177479	1509.11	2545.55	
0.211058	0.2051	1.30772	0.291671	-0.00623258	-0.00571543	1509.11	2545.55	
0.210983	0.205077	1.34192	0.287948	-0.00739813	-0.0058013	1509.11	2545.55	
0.210982	0.205069	1.37613	0.287872	-0.00778103	-0.00568715	1509.11	2545.55	
0.211	0.205089	1.41032	0.288769	-0.00678448	-0.00645096	1509.11	2545.55	
0.211072	0.239275	1.30772	0.292379	-0.0076783	-0.00582412	1509.11	2545.55	
0.210997	0.239246	1.34193	0.288641	-0.00911599	-0.00576224	1509.11	2545.55	
0.210995	0.239249	1.37612	0.288522	-0.00898124	-0.00610542	1509.11	2545.55	
0.211011	0.239276	1.41032	0.289305	-0.00763411	-0.0064968	1509.11	2545.55	
0.211059	0.2735	1.30774	0.291744	-0.00665198	-0.00506213	1509.11	2545.55	
0.210986	0.273471	1.34192	0.288066	-0.00807737	-0.00580411	1509.11	2545.55	
0.210987	0.273471	1.37612	0.288112	-0.00808674	-0.00607443	1509.11	2545.55	
0.211004	0.273495	1.41032	0.288978	-0.00688487	-0.00666478	1509.11	2545.55	
0.171656	0.170447	1.44533	0.0317981	-0.0286876	0.0338771	1912.25	4561.25	
0.172026	0.170879	1.48455	0.0502917	-0.00707654	0.284652	1508.68	2543.42	
0.171357	0.204862	1.44523	0.0168217	-0.0181477	0.0287541	1912.25	4561.25	
0.171816	0.205138	1.48459	0.0397791	-0.00430899	0.286413	1508.68	2543.42	
0.171388	0.239093	1.44525	0.0183959	-0.0167563	0.0299694	1912.25	4561.25	
0.171825	0.239341	1.4846	0.0402064	-0.00436683	0.286907	1508.68	2543.42	
0.171307	0.273234	1.44535	0.0143415	-0.0199402	0.0346175	1912.25	4561.25	
0.171826	0.27355	1.48461	0.040256	-0.00411641	0.287701	1508.68	2543.42	
0.210674	0.170894	1.44586	0.272456	-0.00634071	0.0601094	1508.68	2543.42	
0.209188	0.171141	1.48285	0.198176	0.0060078	0.19947	1181.1	905.503	
0.210614	0.204969	1.44585	0.269474	-0.0127624	0.0600733	1508.68	2543.42	
0.209151	0.205223	1.48284	0.196318	-5.83958e-05	0.199181	1181.1	905.503	
0.210621	0.239135	1.44586	0.269835	-0.0146926	0.060114	1508.68	2543.42	
0.209144	0.239387	1.48284	0.195986	-0.00207517	0.198954	1181.1	905.503	
0.210678	0.273276	1.44579	0.272661	-0.0178401	0.0567894	1508.68	2543.42	
0.209107	0.273622	1.48279	0.194142	-0.000519457	0.196723	1181.1	905.503	
0.245213	0.307699	0.980783	0.289232	-0.00689182	0.289168	1808.44	4042.21	
0.245263	0.341808	0.980808	0.291739	-0.011635	0.290384	1808.44	4042.21	
0.245266	0.375995	0.980808	0.291864	-0.0125108	0.290387	1808.78	4043.92	
0.244597	0.409156	0.979896	0.258428	-0.0646611	0.244791	2154.3	5771.48	
0.274349	0.307756	0.954246	0.0358319	-0.00403198	0.212325	2055.32	5276.61	
0.274353	0.341964	0.954245	0.0360249	-0.00385172	0.212242	2055.32	5276.61	
0.27436	0.376134	0.954208	0.0363587	-0.00556829	0.210421	2055.66	5278.32	
0.274094	0.409969	0.953349	0.023047	-0.0240221	0.167446	2351.85	6759.27	
0.171256	0.307454	1.00257	0.0117904	-0.0191203	0.128585	2236.68	6183.42	
0.171808	0.307646	1.03487	0.0393875	-0.00954688	0.0335359	1913.02	4565.09	
0.171695	0.307481	1.06864	0.0337182	-0.0178066	0.0117712	1912.68	4563.38	
0.171671	0.307463	1.10268	0.0325419	-0.0186986	0.00336099	1912.68	4563.38	
0.170932	0.341931	1.00252	-0.00441993	-0.00547286	0.126039	2236.68	6183.42	
0.171455	0.342136	1.03481	0.0217265	0.00476634	0.0304964	1913.02	4565.09	
0.171274	0.341999	1.06863	0.0127021	-0.00206587	0.0110481	1912.68	4563.38	
0.171251	0.34199	1.10266	0.011536	-0.00251936	0.00229449	1912.68	4563.38	
0.170906	0.376232	1.00251	-0.00571083	-0.000640521	0.125311	2237.03	6185.13	
0.171397	0.376394	1.0348	0.0188147	0.0074684	0.0298944	1913.36	4566.8	
0.171242	0.376259	1.06861	0.0110946	0.00072635	0.0103114	1913.02	4565.09	
0.171217	0.376242	1.10268	0.00981391	-0.00016476	0.00316511	1913.02	4565.09	
0.170943	0.41092	1.00252	-0.00385747	0.0235421	0.125853	2499.75	7498.76	
0.171229	0.411131	1.0347	0.010433	0.0341223	0.0249892	2237.03	6185.13	
0.171074	0.410971	1.06859	0.00267293	0.0260946	0.008948	2236.68	6183.42	
0.171056	0.41095	1.10266	0.00177684	0.0250652	0.0025144	2236.68	6183.42	
0.210017	0.307633	1.00329	0.239602	-0.0102052	0.164471	1913.11	4565.54	
0.211166	0.307914	1.03516	0.297056	0.00387053	0.047949	1509.89	2549.45	
0.211141	0.307755	1.06861	0.295843	-0.00407469	0.0102756	1509.11	2545.55	
0.211101	0.307722	1.10261	0.293833	-0.005734	2.93544e-05	1509.11	2545.55	
0.209931	0.341839	1.00333	0.235311	-0.0101047	0.166307	1913.11	4565.54	
0.21106	0.342097	1.03518	0.291788	0.00279498	0.0486374	1509.89	2549.45	
0.211027	0.34194	1.06862	0.290122	-0.00504195	0.01068	1509.11	2545.55	
0.211026	0.341924	1.10258	0.290067	-0.00586077	-0.00168647	1509.11	2545.55	
0.209847	0.376008	1.00332	0.231128	-0.0118521	0.165869	1913.45	4567.25	
0.210992	0.376165	1.03514	0.2884	-0.00399628	0.0466768	1510.23	2551.16	
0.210954	0.375976	1.06861	0.286498	-0.0134376	0.0101841	1509.45	2547.26	
0.210969	0.375949	1.10256	0.287242	-0.0148121	-0.00245159	1509.45	2547.26	
0.209069	0.409888	1.00305	0.192227	-0.0280696	0.1525	2236.97	6184.83	
0.21007	0.409807	1.03492	0.242263	-0.0321144	0.035819	1911.29	4556.43	
0.209987	0.409584	1.06859	0.23813	-0.0432547	0.00904061	1910.51	4552.54	
0.210028	0.409575	1.10257	0.240171	-0.0437	-0.00203537	1910.51	4552.54	
0.171984	0.307492	1.13651	0.0481789	-0.0172176	-0.0154412	1912.68	4563.38	
0.171638	0.307409	1.17096	0.0308627	-0.0214092	-0.0031644	1912.68	4563.38	
0.17166	0.307432	1.2052	0.0319836	-0.0202575	-0.00121079	1912.68	4563.38	
0.171663	0.307433	1.23941	0.0321512	-0.0202077	-0.000795225	1912.68	4563.38	
0.171661	0.307446	1.27362	0.0320439	-0.0195558	-0.000570707	1912.68	4563.38	
0.171615	0.34197	1.13644	0.0297434	-0.00356387	-0.0190211	1912.68	4563.38	
0.171227	0.341958	1.17096	0.0103347	-0.00413672	-0.00313089	1912.68	4563.38	
0.171219	0.341952	1.2052	0.00991383	-0.00441845	-0.000977348	1912.68	4563.38	
0.171225	0.341956	1.23942	0.0102338	-0.00426186	-0.000645234	1912.68	4563.38	
0.171236	0.341973	1.27361	0.0107603	-0.0033701	-0.00112813	1912.68	4563.38	
0.17153	0.376223	1.13644	0.0254715	-0.00111841	-0.01879	1913.02	4565.09	
0.171163	0.3762	1.17095	0.0071094	-0.00226372	-0.00335829	1913.02	4565.09	
0.171192	0.376217	1.2052	0.00859525	-0.00139697	-0.00111475	1913.02	4565.09	
0.171196	0.37622	1.23941	0.00879628	-0.00121973	-0.000683682	1913.02	4565.09	
0.171202	0.376226	1.27363	0.00907385	-0.000944116	-0.000215702	1913.02	4565.09	
0.171292	0.41085	1.13654	0.0135996	0.020028	-0.0137425	2236.68	6183.42	
0.17102	0.410915	1.17097	-3.30139e-05	0.0233146	-0.0025313	2236.68	6183.42	
0.17104	0.410928	1.20521	0.000994629	0.0239457	-0.000874618	2236.68	6183.42	
0.171041	0.410932	1.23942	0.00105116	0.0241297	-0.000443049	2236.68	6183.42	
0.171045	0.410934	1.27363	0.00122276	0.0242711	-0.000146787	2236.68	6183.42	
0.211157	0.307707	1.13673	0.296635	-0.00648257	-0.00441053	1509.11	2545.55	
0.2111	0.307691	1.17091	0.293759	-0.00729857	-0.00562968	1509.11	2545.55	
0.211105	0.307691	1.2051	0.294013	-0.00728724	-0.00646113	1509.11	2545.55	
0.21111	0.307692	1.2393	0.294287	-0.00724937	-0.00647416	1509.11	2545.55	
0.211085	0.307703	1.27354	0.29305	-0.00668343	-0.00485879	1509.11	2545.55	
0.211056	0.341899	1.13674	0.291568	-0.00711069	-0.00387123	1509.11	2545.55	
0.210985	0.34188	1.17091	0.288037	-0.00803761	-0.00536627	1509.11	2545.55	
0.210986	0.341878	1.2051	0.2881	-0.0081159	-0.00619321	1509.11	2545.55	
0.210993	0.341877	1.2393	0.28844	-0.00816585	-0.00621741	1509.11	2545.55	
0.21101	0.341903	1.2735	0.289258	-0.00687104	-0.00656629	1509.11	2545.55	
0.210961	0.375903	1.13677	0.286829	-0.0170837	-0.00209735	1509.45	2547.26	
0.210914	0.375913	1.17092	0.284472	-0.0165876	-0.00504226	1509.45	2547.26	
0.210919	0.375909	1.2051	0.284728	-0.0167754	-0.00601589	1509.45	2547.26	
0.210925	0.37591	1.23931	0.285017	-0.0167279	-0.00614099	1509.45	2547.26	
0.210955	0.375927	1.27349	0.286518	-0.0159002	-0.0071381	1509.45	2547.26	
0.210024	0.409536	1.13677	0.239996	-0.0456383	-0.00234542	1910.51	4552.54	
0.209956	0.409514	1.17095	0.236595	-0.0467278	-0.00367741	1910.51	4552.54	
0.209967	0.409512	1.20514	0.237116	-0.046847	-0.00432064	1910.51	4552.54	
0.20997	0.409514	1.23934	0.237297	-0.0467575	-0.00439509	1910.51	4552.54	
0.21002	0.409551	1.27352	0.239755	-0.0449039	-0.00588177	1910.51	4552.54	
0.171985	0.307491	1.3075	0.0482102	-0.0172861	-0.0169108	1912.68	4563.38	
0.171637	0.307407	1.34197	0.0308059	-0.0214976	-0.00358153	1912.68	4563.38	
0.171663	0.307428	1.37622	0.032108	-0.0204404	-0.00138856	1912.68	4563.38	
0.171604	0.307363	1.41056	0.0291973	-0.0236906	0.00534088	1912.68	4563.38	
0.171616	0.341968	1.30743	0.0297803	-0.00363097	-0.0204045	1912.68	4563.38	
0.171225	0.341956	1.34197	0.0102375	-0.00422375	-0.0034973	1912.68	4563.38	
0.171224	0.341939	1.37623	0.010173	-0.00507827	-0.000896035	1912.68	4563.38	
0.171185	0.341964	1.41047	0.0082262	-0.00386311	0.00114527	1912.68	4563.38	
0.171531	0.376221	1.30744	0.0255167	-0.00121589	-0.0200802	1913.02	4565.09	
0.171161	0.376197	1.34197	0.00702417	-0.00238893	-0.00366701	1913.02	4565.09	
0.171198	0.376214	1.37622	0.00889751	-0.00156531	-0.00148239	1913.02	4565.09	
0.171126	0.376209	1.41049	0.005291	-0.00178085	0.00192892	1913.02	4565.09	
0.171293	0.410844	1.30754	0.0136485	0.0197651	-0.0146954	2236.68	6183.42	
0.171019	0.410914	1.34198	-8.98747e-05	0.0232408	-0.00279646	2236.68	6183.42	
0.171044	0.410925	1.37623	0.00120317	0.0237775	-0.000983156	2236.68	6183.42	
0.170996	0.410918	1.41048	-0.00121371	0.0234306	0.00157428	2236.68	6183.42	
0.211154	0.307705	1.30772	0.29648	-0.00657704	-0.0059758	1509.11	2545.55	
0.211099	0.307689	1.34192	0.293706	-0.00739972	-0.00608934	1509.11	2545.55	
0.211093	0.307692	1.37612	0.293428	-0.00724519	-0.00608194	1509.11	2545.55	
0.211054	0.307617	1.41043	0.291453	-0.0110013	-0.000807234	1509.11	2545.55	
0.211053	0.341897	1.30773	0.291427	-0.00719035	-0.00541816	1509.11	2545.55	
0.210984	0.341878	1.34192	0.287978	-0.00815322	-0.00580883	1509.11	2545.55	
0.210979	0.341868	1.37614	0.287716	-0.00863352	-0.00546833	1509.11	2545.55	
0.210996	0.34189	1.41031	0.288561	-0.00752067	-0.00675373	1509.11	2545.55	
0.210959	0.375901	1.30777	0.286708	-0.0171996	-0.00354834	1509.45	2547.26	
0.210913	0.37591	1.34193	0.284439	-0.0167595	-0.00541803	1509.45	2547.26	
0.210912	0.375908	1.37613	0.284356	-0.0168193	-0.00579908	1509.45	2547.26	
0.210939	0.375924	1.41031	0.285738	-0.0160515	-0.00716332	1509.45	2547.26	
0.210023	0.409531	1.30777	0.239928	-0.0459122	-0.00347338	1910.51	4552.54	
0.209956	0.409512	1.34196	0.23658	-0.0468412	-0.00401131	1910.51	4552.54	
0.209961	0.409511	1.37616	0.236817	-0.0468883	-0.00417896	1910.51	4552.54	
0.210008	0.409548	1.41033	0.239194	-0.0450635	-0.00603548	1910.51	4552.54	
0.171697	0.307184	1.44537	0.0338283	-0.0326603	0.0358682	1912.25	4561.25	
0.172053	0.307558	1.48456	0.0516193	-0.0139481	0.285289	1508.68	2543.42	
0.171356	0.341659	1.44523	0.0167814	-0.0191088	0.0290833	1912.25	4561.25	
0.171817	0.341921	1.48458	0.0398499	-0.00598407	0.286352	1508.68	2543.42	
0.171274	0.375816	1.44516	0.0126607	-0.0214285	0.0251561	1912.59	4562.96	
0.171705	0.3758	1.48455	0.034216	-0.022248	0.284548	1509.03	2545.13	
0.170992	0.410402	1.44489	-0.00141987	-0.00234146	0.0118496	2236.26	6181.28	
0.171149	0.409422	1.48365	0.00644274	-0.0513392	0.239568	1908.67	4543.37	
0.21069	0.307549	1.44588	0.273283	-0.014404	0.061252	1508.68	2543.42	
0.20919	0.307792	1.48285	0.198285	-0.00221529	0.199415	1181.1	905.503	
0.210614	0.341736	1.44586	0.269482	-0.0152485	0.060294	1508.68	2543.42	
0.209153	0.341992	1.48283	0.196406	-0.00246469	0.198728	1181.1	905.503	
0.210549	0.375592	1.44574	0.266233	-0.0326371	0.0542737	1509.03	2545.13	
0.20916	0.375537	1.48281	0.196795	-0.0353768	0.197502	1181.44	907.213	
0.209697	0.409121	1.44517	0.22363	-0.0663761	0.0256054	1910.08	4550.41	
0.209092	0.40838	1.48278	0.193367	-0.10344	0.1962	1647.01	3235.06	
0.310505	0.103839	0.955041	0.133408	0.0613355	0.252036	1973.53	4867.63	
0.310827	0.136987	0.955405	0.14953	0.00853828	0.270259	1585.49	2927.47	
0.344985	0.103679	0.929412	0.147191	0.0533201	0.220587	2153.86	5769.3	
0.345431	0.136886	0.930017	0.169491	0.00348348	0.250865	1808.35	4041.74	
0.376663	0.103065	0.903802	0.0209178	0.0226527	0.190082	2351.85	6759.27	
0.37691	0.136837	0.904449	0.0332632	0.0010567	0.222448	2055.66	5278.32	
0.413078	0.10384	0.905032	0.131437	0.0613724	0.251597	1973.53	4867.63	
0.413384	0.137014	0.905449	0.146731	0.00987838	0.272447	1585.49	2927.47	
0.310843	0.170952	0.955444	0.150316	-0.00344249	0.272217	1585.15	2925.76	
0.310843	0.2051	0.955467	0.150313	-0.00624512	0.273343	1585.15	2925.76	
0.310841	0.239292	0.955466	0.15019	-0.00685113	0.273324	1585.15	2925.76	
0.310841	0.27349	0.955464	0.150209	-0.00714558	0.273207	1585.15	2925.76	
0.345269	0.171012	0.930123	0.161431	-0.000418841	0.256126	1808.01	4040.03	
0.345353	0.205104	0.930099	0.165624	-0.00600216	0.254955	1808.01	4040.03	
0.345348	0.239288	0.930105	0.165381	-0.00702707	0.255273	1808.01	4040.03	
0.345393	0.273447	0.930085	0.167613	-0.00928055	0.25426	1808.01	4040.03	
0.376974	0.170808	0.904425	0.0364533	-0.0106331	0.221235	2055.32	5276.61	
0.376834	0.205124	0.904476	0.0294618	-0.00501992	0.223816	2055.32	5276.61	
0.376844	0.239338	0.904469	0.0299493	-0.0045376	0.223436	2055.32	5276.61	
0.376881	0.273523	0.904471	0.0318149	-0.00545709	0.223551	2055.32	5276.61	
0.413421	0.170971	0.905443	0.148592	-0.00247275	0.272149	1585.15	2925.76	
0.413392	0.205105	0.905454	0.147167	-0.00597098	0.272715	1585.15	2925.76	
0.413399	0.239289	0.905455	0.14749	-0.00700176	0.272731	1585.15	2925.76	
0.413389	0.273513	0.905509	0.147004	-0.00596145	0.275443	1585.15	2925.76	
0.310845	0.307685	0.955449	0.150435	-0.00757092	0.272433	1585.15	2925.76	
0.310844	0.341896	0.955469	0.150372	-0.00723566	0.273432	1585.15	2925.76	
0.310851	0.37601	0.955476	0.150725	-0.0117446	0.273802	1585.49	2927.47	
0.310335	0.409067	0.954762	0.124892	-0.0690852	0.238108	1973.53	4867.63	
0.345272	0.307757	0.930133	0.161564	-0.00397992	0.256626	1808.01	4040.03	
0.345355	0.341903	0.9301	0.165686	-0.00690872	0.255	1808.01	4040.03	
0.345396	0.376053	0.930053	0.167772	-0.0095913	0.252673	1808.35	4041.74	
0.34479	0.409236	0.929109	0.137464	-0.0606296	0.205459	2153.86	5769.3	
0.376982	0.307576	0.904437	0.0368766	-0.0130395	0.221854	2055.32	5276.61	
0.376835	0.341927	0.904475	0.0295148	-0.00571446	0.223766	2055.32	5276.61	
0.37686	0.376122	0.90443	0.0307488	-0.00614941	0.221494	2055.66	5278.32	
0.37663	0.409911	0.903522	0.0192788	-0.0268966	0.176083	2351.85	6759.27	
0.41342	0.307709	0.90545	0.148535	-0.00639073	0.272512	1585.15	2925.76	
0.413394	0.341902	0.905456	0.14724	-0.00694009	0.272793	1585.15	2925.76	
0.413412	0.376006	0.905464	0.148136	-0.0119381	0.27319	1585.49	2927.47	
0.41291	0.409064	0.904755	0.123038	-0.0692663	0.23773	1973.53	4867.63	
0.547876	0.103081	0.828898	0.0305286	0.0234535	0.19492	2352.13	6760.65	
0.548048	0.136846	0.829595	0.0391246	0.00146502	0.229742	2055.94	5279.7	
0.447593	0.103682	0.879417	0.146993	0.0534741	0.22083	2153.86	5769.3	
0.44799	0.136928	0.880046	0.166845	0.00556209	0.252308	1808.35	4041.74	
0.479271	0.103068	0.853806	0.020706	0.0228068	0.190281	2351.85	6759.27	
0.479517	0.136837	0.854455	0.0329943	0.00101373	0.222742	2055.66	5278.32	
0.515387	0.103747	0.855057	0.116314	0.0567358	0.252864	1973.53	4867.63	
0.515669	0.137073	0.855511	0.130387	0.0128576	0.275552	1585.49	2927.47	
0.548	0.170913	0.829598	0.0367317	-0.00537434	0.229918	2055.6	5277.99	
0.548058	0.205138	0.829581	0.0396232	-0.0043405	0.229068	2055.6	5277.99	
0.548054	0.239343	0.829582	0.0394287	-0.00429198	0.229091	2055.6	5277.99	
0.548054	0.273547	0.829582	0.0394433	-0.00426696	0.229088	2055.6	5277.99	
0.447879	0.171018	0.880124	0.161319	-0.000124462	0.256222	1808.01	4040.03	
0.447962	0.205107	0.880104	0.165459	-0.00589731	0.255177	1808.01	4040.03	
0.447955	0.239291	0.880112	0.165102	-0.00690179	0.255587	1808.01	4040.03	
0.447953	0.273486	0.880113	0.165023	-0.00731047	0.255658	1808.01	4040.03	
0.479568	0.170823	0.854424	0.0355638	-0.00984713	0.221197	2055.32	5276.61	
0.479446	0.205127	0.854478	0.0294371	-0.00488291	0.223887	2055.32	5276.61	
0.479452	0.239341	0.854473	0.0297287	-0.00436644	0.223652	2055.32	5276.61	
0.479488	0.273523	0.854477	0.0315513	-0.00550028	0.223841	2055.32	5276.61	
0.515618	0.170982	0.855535	0.127841	-0.00191585	0.276748	1585.15	2925.76	
0.515606	0.205111	0.85554	0.127246	-0.00568007	0.276991	1585.15	2925.76	
0.515612	0.239291	0.85554	0.127542	-0.00687905	0.27699	1585.15	2925.76	
0.515679	0.273589	0.855562	0.130904	-0.00219431	0.278123	1585.15	2925.76	
0.547992	0.307695	0.829611	0.0363333	-0.00707937	0.230531	2055.6	5277.99	
0.548058	0.341948	0.829581	0.0396543	-0.00465199	0.229072	2055.6	5277.99	
0.548039	0.376148	0.829572	0.038703	-0.00482517	0.228605	2055.94	5279.7	
0.547825	0.409895	0.828602	0.0280023	-0.0277178	0.18008	2352.13	6760.65	
0.447881	0.307762	0.880135	0.161418	-0.0037237	0.256759	1808.01	4040.03	
0.447964	0.341904	0.880104	0.165528	-0.0068209	0.255217	1808.01	4040.03	
0.448005	0.376053	0.880058	0.167622	-0.00959093	0.252879	1808.35	4041.74	
0.4474	0.409235	0.879112	0.137367	-0.0606835	0.205608	2153.86	5769.3	
0.479576	0.307592	0.854436	0.0359654	-0.0122431	0.221824	2055.32	5276.61	
0.479447	0.341929	0.854477	0.0294978	-0.00558725	0.22383	2055.32	5276.61	
0.479471	0.376122	0.854431	0.030673	-0.00612303	0.221572	2055.66	5278.32	
0.479242	0.409911	0.853523	0.0192191	-0.0269052	0.176134	2351.85	6759.27	
0.515618	0.307721	0.855541	0.127861	-0.00576179	0.277029	1585.15	2925.76	
0.515608	0.341907	0.855541	0.12733	-0.0066844	0.277072	1585.15	2925.76	
0.515628	0.376014	0.855549	0.128345	-0.0115569	0.27747	1585.49	2927.47	
0.515261	0.409162	0.854774	0.110001	-0.0643523	0.238725	1973.53	4867.63	
0.584123	0.103833	0.830019	0.132698	0.0610264	0.250929	1973.53	4867.63	
0.584438	0.136996	0.830378	0.148426	0.00895996	0.268903	1585.49	2927.47	
0.618618	0.103679	0.804412	0.147234	0.0533319	0.2206	2153.86	5769.3	
0.619064	0.136886	0.805018	0.16953	0.00347713	0.250882	1808.35	4041.74	
0.650296	0.103065	0.778802	0.0209193	0.0226515	0.190079	2351.85	6759.27	
0.650543	0.136837	0.779449	0.0332646	0.0010579	0.222445	2055.66	5278.32	
0.68671	0.10384	0.780032	0.131437	0.0613724	0.251598	1973.53	4867.63	
0.687016	0.137014	0.780449	0.146732	0.00987835	0.272448	1585.49	2927.47	
0.721226	0.103682	0.754417	0.146993	0.053474	0.22083	2153.86	5769.3	
0.721669	0.136885	0.755023	0.169181	0.00343688	0.251162	1808.35	4041.74	
0.58444	0.170953	0.830416	0.14853	-0.00334948	0.270791	1585.15	2925.76	
0.584447	0.205097	0.830438	0.148873	-0.00638502	0.271915	1585.15	2925.76	
0.58445	0.239291	0.830438	0.149042	-0.0068728	0.27192	1585.15	2925.76	
0.584451	0.273494	0.830438	0.149057	-0.00694913	0.271918	1585.15	2925.76	
0.618903	0.171012	0.805123	0.16146	-0.000409513	0.256169	1808.01	4040.03	
0.618986	0.205104	0.8051	0.165652	-0.00601314	0.25499	1808.01	4040.03	
0.618982	0.239288	0.805106	0.165416	-0.007032	0.255296	1808.01	4040.03	
0.619026	0.273447	0.805086	0.167649	-0.00928213	0.254277	1808.01	4040.03	
0.650607	0.170808	0.779425	0.0364517	-0.0106329	0.221234	2055.32	5276.61	
0.650467	0.205124	0.779476	0.0294608	-0.00502009	0.223815	2055.32	5276.61	
0.650477	0.239338	0.779469	0.0299492	-0.00453842	0.223434	2055.32	5276.61	
0.650514	0.273524	0.779471	0.0318154	-0.00545692	0.22355	2055.32	5276.61	
0.687051	0.170966	0.780428	0.148467	-0.00274224	0.271412	1585.15	2925.76	
0.687025	0.205105	0.780455	0.147176	-0.00598491	0.272756	1585.15	2925.76	
0.687031	0.239288	0.780455	0.147489	-0.00700879	0.272728	1585.15	2925.76	
0.687022	0.273513	0.780509	0.147004	-0.00596269	0.275444	1585.15	2925.76	
0.721591	0.170936	0.755099	0.165259	-0.00423506	0.254957	1808.01	4040.03	
0.721592	0.205093	0.755107	0.16531	-0.00656765	0.255368	1808.01	4040.03	
0.721588	0.239287	0.755112	0.165124	-0.00707472	0.25559	1808.01	4040.03	
0.721631	0.273445	0.755092	0.167269	-0.00938198	0.254599	1808.01	4040.03	
0.584444	0.307689	0.83042	0.148714	-0.00738285	0.271013	1585.15	2925.76	
0.584445	0.341895	0.83044	0.148806	-0.00727083	0.271999	1585.15	2925.76	
0.584461	0.376005	0.830447	0.149594	-0.0120105	0.272334	1585.49	2927.47	
0.583956	0.409074	0.829744	0.124322	-0.0687408	0.237179	1973.53	4867.63	
0.618905	0.307757	0.805134	0.161582	-0.00397487	0.256677	1808.01	4040.03	
0.618988	0.341902	0.805101	0.165721	-0.0069267	0.255033	1808.01	4040.03	
0.61903	0.376053	0.805054	0.167814	-0.00959492	0.252694	1808.35	4041.74	
0.618424	0.409236	0.804109	0.137504	-0.060639	0.205464	2153.86	5769.3	
0.650615	0.307576	0.779437	0.0368745	-0.0130396	0.221854	2055.32	5276.61	
0.650468	0.341926	0.779475	0.029514	-0.00571532	0.223765	2055.32	5276.61	
0.650493	0.376122	0.77943	0.0307498	-0.00615098	0.221491	2055.66	5278.32	
0.650263	0.409911	0.778522	0.0192804	-0.0268959	0.17608	2351.85	6759.27	
0.687055	0.307699	0.780432	0.148682	-0.00688164	0.271607	1585.15	2925.76	
0.687026	0.341901	0.780457	0.147239	-0.00698513	0.272848	1585.15	2925.76	
0.687044	0.376006	0.780464	0.148137	-0.0119534	0.273187	1585.49	2927.47	
0.686542	0.409064	0.779755	0.123039	-0.0692692	0.237731	1973.53	4867.63	
0.72159	0.307683	0.755111	0.165223	-0.00770924	0.255564	1808.01	4040.03	
0.721593	0.341892	0.755108	0.165388	-0.00746251	0.255397	1808.01	4040.03	
0.721639	0.37605	0.755058	0.167641	-0.00975708	0.252883	1808.35	4041.74	
0.721033	0.409235	0.754112	0.137368	-0.0607187	0.205612	2153.86	5769.3	
0.752907	0.103065	0.728802	0.0208745	0.0226596	0.190116	2351.85	6759.27	
0.753115	0.136864	0.729448	0.0312447	0.0023629	0.222406	2055.66	5278.32	
0.789325	0.103847	0.729999	0.131538	0.0617528	0.249956	1974.01	4870.03	
0.789617	0.137008	0.730433	0.14617	0.0095866	0.271673	1585.98	2929.88	
0.820731	0.102942	0.70291	-0.00832642	0.0165108	0.145497	2628.4	8141.99	
0.820745	0.136793	0.703467	-0.00764512	-0.00117624	0.173328	2395.42	6977.09	
0.753226	0.170814	0.729418	0.0367983	-0.0103209	0.220898	2055.32	5276.61	
0.753077	0.205127	0.729477	0.0293608	-0.00488072	0.223867	2055.32	5276.61	
0.753087	0.239338	0.72947	0.0298557	-0.00452879	0.223499	2055.32	5276.61	
0.753087	0.273548	0.729469	0.0298619	-0.00422321	0.223445	2055.32	5276.61	
0.789579	0.171048	0.730467	0.144242	0.00138696	0.273375	1585.63	2928.17	
0.789629	0.205117	0.730437	0.146752	-0.00535607	0.271852	1585.63	2928.17	
0.789629	0.239295	0.730442	0.146755	-0.00665624	0.272093	1585.63	2928.17	
0.789617	0.273514	0.730497	0.146161	-0.00595386	0.274839	1585.63	2928.17	
0.82065	0.170984	0.703496	-0.0124136	-0.00182159	0.1748	2395.08	6975.38	
0.820655	0.205178	0.703495	-0.012129	-0.00234073	0.174743	2395.08	6975.38	
0.820651	0.239381	0.703498	-0.0123397	-0.00235789	0.174917	2395.08	6975.38	
0.8207	0.273542	0.703489	-0.00990679	-0.00455393	0.17444	2395.08	6975.38	
0.753233	0.307582	0.729431	0.0371735	-0.0127211	0.221538	2055.32	5276.61	
0.753078	0.341929	0.729476	0.0294235	-0.00559115	0.223811	2055.32	5276.61	
0.753103	0.376122	0.729431	0.030682	-0.00614531	0.221535	2055.66	5278.32	
0.752875	0.409911	0.728522	0.0192511	-0.0269015	0.176103	2351.85	6759.27	
0.789578	0.307787	0.730474	0.144212	-0.00248338	0.273707	1585.63	2928.17	
0.78963	0.341915	0.730439	0.146826	-0.00630875	0.271931	1585.63	2928.17	
0.789652	0.376016	0.730446	0.147884	-0.0114324	0.272293	1585.98	2929.88	
0.78916	0.409061	0.729722	0.123311	-0.0693904	0.236107	1974.01	4870.03	
0.820644	0.307778	0.703504	-0.0127197	-0.00295799	0.175221	2395.08	6975.38	
0.820656	0.341987	0.703494	-0.0120798	-0.00269036	0.174699	2395.08	6975.38	
0.8207	0.376189	0.703447	-0.00989898	-0.00279272	0.172339	2395.42	6977.09	
0.820755	0.410076	0.702683	-0.00713894	-0.0186453	0.134155	2628.4	8141.99	
