x	y	z	U	V	W	Ro	P	
0.102399	0.10074	1.00898	0.107281	0.0311091	-0.0342737	2541.67	7708.35	
0.100685	0.0989584	1.04359	0.0670191	-0.0120048	0.134458	2623.3	8116.49	
0.102075	0.100033	1.07584	0.0981558	0.00413872	0.19428	2598.53	7992.64	
0.102169	0.100084	1.10769	0.101112	0.00656937	0.169653	2582.97	7914.86	
0.105152	0.133516	1.00845	0.198541	-0.034861	0.00413618	2131.23	5656.15	
0.104202	0.135274	1.04338	0.195733	-0.0351238	0.120411	2142.83	5714.16	
0.105139	0.134929	1.07582	0.201604	-0.0124616	0.181063	2137.65	5688.24	
0.105366	0.135401	1.1079	0.207396	0.00398574	0.174846	2125.66	5628.3	
0.142877	0.104461	1.00964	0.345063	0.135648	0.045689	1970.48	4852.42	
0.146409	0.103224	1.0439	0.401555	0.131394	0.132161	1950.48	4752.42	
0.146293	0.103813	1.07604	0.427414	0.113519	0.18182	1951.51	4757.57	
0.146909	0.103835	1.10839	0.448425	0.114702	0.188675	1942.29	4711.43	
0.145702	0.136417	1.0102	0.453416	0.0895085	0.0960342	1547.36	2736.78	
0.150253	0.137886	1.0456	0.557373	0.0808	0.171654	1457.65	2288.26	
0.150483	0.138041	1.07752	0.577553	0.103955	0.217804	1493.95	2469.76	
0.151625	0.138281	1.1098	0.612612	0.108034	0.231839	1494.88	2474.38	
0.102973	0.100098	1.13925	0.136583	0.0111456	0.083028	2552.75	7763.76	
0.102714	0.100552	1.17225	0.124452	0.0259797	0.0480476	2528.14	7640.72	
0.102784	0.100507	1.20566	0.128066	0.0247339	0.0193703	2520.08	7600.42	
0.102745	0.100521	1.23962	0.127387	0.0258888	0.00903382	2515.78	7578.92	
0.102894	0.100639	1.27375	0.130627	0.0281169	0.00276729	2509.88	7549.42	
0.106402	0.134761	1.13929	0.25062	-0.0115833	0.0934029	2084.72	5423.61	
0.105997	0.135102	1.1723	0.230184	0.00290564	0.0516372	2061.62	5308.08	
0.106145	0.135055	1.20569	0.238344	0.002138	0.0212167	2050.54	5252.68	
0.106161	0.135036	1.23947	0.240618	0.00207142	0.00427381	2043.74	5218.71	
0.106302	0.135144	1.27341	0.245427	0.000984505	-0.00294984	2040.74	5203.68	
0.147734	0.103932	1.14004	0.478022	0.114006	0.112798	1913.08	4565.42	
0.147617	0.104412	1.17236	0.479116	0.128428	0.0612229	1882.75	4413.77	
0.147456	0.104511	1.20545	0.482413	0.135803	0.0112373	1867.54	4337.7	
0.147363	0.104585	1.23912	0.479668	0.139859	-0.0104281	1860.16	4300.81	
0.147159	0.104747	1.27349	0.467605	0.146964	-0.00165147	1858.49	4292.46	
0.152498	0.138149	1.14091	0.643131	0.112307	0.152579	1477.99	2389.95	
0.152185	0.138469	1.17268	0.634725	0.12581	0.077687	1457.95	2289.74	
0.15225	0.138528	1.20539	0.648552	0.131872	0.0114258	1435.21	2176.04	
0.152295	0.138565	1.23883	0.652207	0.134199	-0.0187304	1421.06	2105.32	
0.152445	0.138439	1.2732	0.653327	0.124108	-0.00806235	1420.08	2100.4	
0.103801	0.100926	1.30723	0.167553	0.042508	-0.0294855	2487.91	7439.54	
0.103026	0.100807	1.34212	0.139761	0.0386417	0.00313019	2483.33	7416.63	
0.103575	0.101349	1.37822	0.163689	0.063023	0.0896721	2418.87	7094.33	
0.10577	0.103619	1.41875	0.242618	0.14706	0.329704	2209.44	6047.19	
0.107474	0.135095	1.30689	0.290634	0.00546154	-0.0306812	2007.55	5037.76	
0.10662	0.13522	1.34212	0.259882	0.00965485	0.00798549	1993.96	4969.81	
0.107469	0.135467	1.3793	0.296554	0.0227722	0.139638	1909.64	4548.21	
0.109933	0.13713	1.42138	0.377211	0.0812316	0.425782	1689.92	3449.61	
0.148491	0.104983	1.30733	0.512438	0.154264	-0.0233574	1839.82	4199.1	
0.147788	0.105041	1.34209	0.488172	0.157874	0.0142558	1820.15	4100.75	
0.147446	0.106038	1.37908	0.483717	0.202843	0.13022	1738.96	3694.81	
0.148592	0.108156	1.42108	0.516913	0.273505	0.407904	1553.25	2766.26	
0.153202	0.139029	1.34268	0.682987	0.153686	0.0487845	1377.63	1888.13	
0.153061	0.139673	1.38132	0.684979	0.186098	0.228168	1287.48	1437.42	
0.108391	0.105451	1.46576	0.289975	0.164517	0.58552	1937.29	4686.47	
0.113088	0.110687	1.51897	0.284705	0.184356	0.624958	1493.13	2465.65	
0.112226	0.137692	1.47106	0.388756	0.134874	0.698214	1461.25	2306.24	
0.114895	0.143633	1.52609	0.31134	0.228464	0.78471	1200.39	1001.97	
0.149474	0.109984	1.46994	0.573093	0.262712	0.633994	1373.44	1867.19	
0.106925	0.166648	1.00868	0.269229	-0.10345	0.0221156	2069.42	5347.12	
0.105637	0.169775	1.04299	0.27144	-0.0710371	0.116351	2086.13	5430.64	
0.106932	0.169124	1.07629	0.28721	-0.059207	0.189228	2071.75	5358.76	
0.107153	0.169339	1.10854	0.287038	-0.0385062	0.184513	2056.79	5283.94	
0.105837	0.201504	1.00841	0.240947	-0.108225	0.0173252	2085.07	5425.33	
0.105031	0.20503	1.04279	0.241227	-0.0525918	0.113723	2085.25	5426.25	
0.105951	0.204133	1.07602	0.249177	-0.052066	0.18362	2075.77	5378.84	
0.106316	0.204624	1.1081	0.260153	-0.0224245	0.173198	2059.35	5296.75	
0.105938	0.236451	1.0083	0.246239	-0.0873505	0.0160317	2093.55	5467.76	
0.104975	0.240089	1.04271	0.242477	-0.0265112	0.109594	2096.58	5482.89	
0.106011	0.239174	1.07596	0.254462	-0.0272212	0.182103	2086.28	5431.4	
0.106378	0.239603	1.10816	0.265027	0.000489663	0.174303	2068.91	5344.57	
0.105991	0.271075	1.0082	0.24603	-0.0769268	0.0107923	2098.67	5493.33	
0.105041	0.274864	1.04268	0.242865	-0.0113054	0.108673	2103.58	5517.88	
0.106087	0.273886	1.07593	0.254042	-0.0134186	0.180564	2092.76	5463.79	
0.106335	0.274166	1.10813	0.260754	0.00932787	0.173376	2079.23	5396.14	
0.149146	0.168782	1.01059	0.576417	-0.0192719	0.106904	1494.98	2474.9	
0.148505	0.201781	1.01066	0.556092	-0.0783896	0.117203	1480.73	2403.65	
0.148501	0.235709	1.01074	0.565991	-0.105294	0.125296	1472.38	2361.88	
0.148581	0.270631	1.01071	0.554719	-0.073467	0.127851	1474.75	2373.74	
0.10823	0.168432	1.14043	0.326809	-0.0610714	0.132267	2008.24	5041.21	
0.108001	0.16873	1.17283	0.317645	-0.0494263	0.0703573	1985.91	4929.54	
0.10824	0.168623	1.20595	0.330246	-0.0529621	0.0310661	1971.12	4855.61	
0.108298	0.168576	1.23963	0.334887	-0.0565526	0.00990993	1962.93	4814.67	
0.108383	0.168743	1.27347	0.333329	-0.0502567	-0.0112796	1957.71	4788.53	
0.107418	0.203122	1.13997	0.300449	-0.0693947	0.117563	2003.26	5016.32	
0.106992	0.203626	1.17263	0.286563	-0.0505348	0.0629799	1986.29	4931.46	
0.107306	0.203426	1.20588	0.299292	-0.0580245	0.0283839	1969.51	4847.56	
0.107327	0.203349	1.23957	0.302213	-0.0610794	0.00603492	1962.63	4813.15	
0.107547	0.20351	1.27334	0.312472	-0.0569708	-0.0128983	1959.67	4798.36	
0.107552	0.238035	1.14004	0.309384	-0.0521557	0.120008	2009.21	5046.03	
0.107189	0.238488	1.1726	0.294221	-0.0349798	0.0619407	1989.54	4947.7	
0.10743	0.23829	1.20589	0.307383	-0.0420906	0.0281199	1975.67	4878.33	
0.107463	0.23824	1.23958	0.310345	-0.0443634	0.00648185	1968.66	4843.31	
0.10774	0.238348	1.27341	0.320052	-0.0409211	-0.0122041	1963.9	4819.51	
0.107437	0.272833	1.14003	0.304725	-0.0388478	0.120921	2023.46	5117.29	
0.107232	0.273035	1.17262	0.292865	-0.0283217	0.0632785	1997.62	4988.09	
0.107451	0.272883	1.20589	0.304899	-0.0343532	0.0286932	1984.1	4920.52	
0.107494	0.272829	1.23961	0.308307	-0.036375	0.00777054	1976.34	4881.68	
0.107727	0.272898	1.2735	0.317494	-0.0332865	-0.00779356	1971.48	4857.42	
0.109314	0.168874	1.3074	0.363047	-0.0402977	-0.0108487	1914.65	4573.25	
0.108948	0.168377	1.34267	0.360963	-0.0614878	0.0316828	1896.67	4483.36	
0.110091	0.168271	1.38085	0.406992	-0.0640033	0.197501	1794.83	3974.16	
0.112437	0.169182	1.42456	0.462133	0.00443649	0.500206	1566.1	2830.48	
0.108818	0.203215	1.30717	0.351504	-0.06471	-0.0162587	1905.67	4528.35	
0.108005	0.202813	1.34267	0.336075	-0.0839396	0.0319892	1892.34	4461.71	
0.109182	0.202132	1.38089	0.386672	-0.102614	0.197243	1790.35	3951.77	
0.112194	0.203088	1.42349	0.473078	-0.059566	0.486065	1548.49	2742.46	
0.10896	0.237893	1.30725	0.361229	-0.0583451	-0.0136176	1910.49	4552.43	
0.108308	0.237418	1.34273	0.347023	-0.0790252	0.0338356	1891.29	4456.44	
0.109468	0.236732	1.38078	0.399421	-0.102954	0.196486	1790.69	3953.47	
0.112463	0.237401	1.42378	0.486996	-0.0744508	0.495293	1546.31	2731.53	
0.108803	0.272305	1.30747	0.356244	-0.0571097	-0.00607331	1923	4615.02	
0.108332	0.271997	1.34281	0.344849	-0.0725609	0.0376664	1898.19	4490.96	
0.109425	0.27126	1.38079	0.395031	-0.0993697	0.197695	1798.41	3992.07	
0.112183	0.271378	1.42353	0.476256	-0.0891365	0.487412	1565.75	2828.74	
0.114995	0.168376	1.47343	0.47758	0.0295964	0.74621	1357	1785.02	
0.117244	0.174539	1.52612	0.371594	0.166918	0.769065	1137.4	687.017	
0.115166	0.20041	1.473	0.50702	-0.0723811	0.741944	1315.72	1578.58	
0.117873	0.206052	1.52634	0.402647	0.0726556	0.766521	1091.9	459.507	
0.115815	0.233485	1.47349	0.534346	-0.126911	0.757037	1289.4	1447.01	
0.118595	0.238301	1.52654	0.431455	-0.00298277	0.772904	1065.95	329.756	
0.115807	0.267349	1.47315	0.534195	-0.148872	0.745871	1293.55	1467.76	
0.11873	0.27119	1.52674	0.437971	-0.0562037	0.780578	1062.45	312.234	
0.10744	0.304754	1.00839	0.295439	-0.0864484	0.02039	2062.36	5311.8	
0.105739	0.308947	1.04266	0.280421	-0.0149083	0.10539	2078.78	5393.92	
0.107034	0.308005	1.0762	0.295094	-0.0118424	0.186109	2059.7	5298.49	
0.107266	0.308091	1.10867	0.294797	0.00416304	0.188953	2043.37	5216.87	
0.105654	0.340185	1.0083	0.23178	-0.0537021	0.0163504	2085.75	5428.75	
0.10467	0.344012	1.04263	0.223581	0.0113372	0.10853	2089.86	5449.32	
0.105582	0.342993	1.07603	0.231423	0.00449286	0.184514	2081.21	5406.03	
0.105958	0.343313	1.10817	0.243889	0.0285432	0.17334	2065.11	5325.54	
0.10501	0.375722	1.00811	0.192338	-0.0421371	0.000544366	2122.31	5611.57	
0.103658	0.379412	1.04276	0.170204	0.0208654	0.108484	2145.56	5727.8	
0.104574	0.378484	1.07575	0.177719	0.0163455	0.175096	2138.13	5690.67	
0.104917	0.378582	1.10811	0.189453	0.0325565	0.173571	2124.68	5623.41	
0.10254	0.410034	1.00833	0.0952102	-0.09572	-0.037082	2503.63	7518.17	
0.100139	0.415442	1.04203	0.0255159	0.00461553	0.0941828	2664.14	8320.68	
0.101437	0.413326	1.07526	0.0552992	-0.0150894	0.164164	2624.98	8124.89	
0.101571	0.413731	1.10749	0.0625459	0.0112089	0.153717	2609.27	8046.35	
0.15009	0.30518	1.01071	0.613157	-0.0764391	0.120658	1466.72	2333.61	
0.148203	0.339378	1.01066	0.54614	-0.0780012	0.121153	1479.57	2397.86	
0.14598	0.372805	1.01019	0.479207	-0.159844	0.100693	1532.01	2660.04	
0.150106	0.375865	1.04517	0.55904	-0.108951	0.16481	1461.77	2308.83	
0.150405	0.376068	1.07747	0.590648	-0.0869973	0.208665	1496.18	2480.89	
0.151737	0.375628	1.11009	0.627991	-0.0824636	0.236406	1490.64	2453.19	
0.142038	0.405142	1.0091	0.297553	-0.242501	0.045397	1912.15	4560.75	
0.144488	0.409299	1.04228	0.316271	-0.201861	0.0951697	1986.22	4931.1	
0.144172	0.408395	1.07546	0.333367	-0.178909	0.151436	1982.5	4912.49	
0.145182	0.408908	1.10818	0.372617	-0.142835	0.167342	1968	4840.01	
0.108618	0.307072	1.14048	0.343622	-0.0263771	0.136552	1983.06	4915.29	
0.108328	0.307143	1.17287	0.332557	-0.0223936	0.0724575	1959.4	4797.01	
0.10862	0.306952	1.20599	0.347355	-0.0291675	0.0326919	1943.27	4716.33	
0.108665	0.306855	1.23965	0.351357	-0.0332048	0.00922627	1935.07	4675.34	
0.108839	0.306788	1.27363	0.354118	-0.0365525	-0.00295051	1928.88	4644.39	
0.107109	0.342027	1.13994	0.28752	-0.0177451	0.11751	2010.81	5054.05	
0.10663	0.34217	1.17264	0.267543	-0.00990798	0.0650211	1990.89	4954.46	
0.10689	0.341945	1.20592	0.281267	-0.0179915	0.0298903	1975.8	4878.99	
0.106931	0.341814	1.23965	0.28477	-0.0230605	0.0093709	1968.14	4840.71	
0.107218	0.341828	1.27343	0.296098	-0.0223398	-0.0111167	1963.11	4815.54	
0.106033	0.377297	1.13968	0.235122	-0.0191789	0.108709	2076.59	5382.93	
0.105457	0.37734	1.17252	0.207608	-0.0105431	0.0616313	2056.65	5283.24	
0.105672	0.377172	1.20586	0.218856	-0.0182564	0.0287199	2043.14	5215.69	
0.105689	0.377073	1.23962	0.220951	-0.0222722	0.00921131	2035.75	5178.73	
0.105995	0.37703	1.27351	0.23314	-0.0227246	-0.00607005	2029.14	5145.71	
0.102353	0.412559	1.13944	0.0997257	-0.0354821	0.0896817	2561.57	7807.86	
0.102258	0.412325	1.17242	0.0873621	-0.0382436	0.0538442	2531.14	7655.72	
0.102315	0.412199	1.20583	0.0915851	-0.0435839	0.0264998	2519.76	7598.82	
0.102323	0.412096	1.23972	0.0925339	-0.0481151	0.0135129	2512.07	7560.33	
0.102539	0.41201	1.27381	0.102364	-0.0484844	0.00427123	2503.89	7519.46	
0.152887	0.373862	1.14178	0.672514	-0.143212	0.181503	1469.76	2348.79	
0.15255	0.373981	1.17318	0.664788	-0.133663	0.098238	1454.89	2274.43	
0.152648	0.373527	1.20567	0.681097	-0.152235	0.0233401	1429.19	2145.96	
0.152679	0.373384	1.23886	0.685804	-0.160772	-0.0187041	1415.43	2077.16	
0.152866	0.373342	1.27305	0.684827	-0.158813	-0.0136424	1404.92	2024.61	
0.146077	0.40719	1.14058	0.407212	-0.193345	0.13415	1898.58	4492.88	
0.145706	0.407009	1.17276	0.396134	-0.19606	0.0760937	1872.63	4363.13	
0.145704	0.406531	1.20583	0.405622	-0.216959	0.0283513	1847.8	4239	
0.145641	0.406346	1.23934	0.405207	-0.227719	-0.00101318	1837.94	4189.71	
0.145859	0.406409	1.27336	0.411993	-0.223933	-0.00921233	1827.97	4139.85	
0.110141	0.306664	1.30751	0.399825	-0.043637	-0.00269243	1875.62	4378.1	
0.109579	0.305896	1.34294	0.38847	-0.0732868	0.0424872	1852.15	4260.74	
0.11086	0.305033	1.38149	0.438182	-0.103688	0.219165	1743.57	3717.85	
0.113669	0.30462	1.42543	0.513408	-0.0824905	0.52491	1506.22	2531.11	
0.108524	0.341565	1.30719	0.339705	-0.0375302	-0.0136074	1910.49	4552.43	
0.107714	0.34074	1.34277	0.319574	-0.0706935	0.0366991	1893.2	4466.02	
0.108893	0.339461	1.38087	0.370156	-0.112379	0.193684	1794.01	3970.03	
0.111807	0.339284	1.42342	0.459476	-0.111454	0.484694	1560.07	2800.35	
0.107321	0.376558	1.30709	0.28233	-0.0503101	-0.0172961	1986.1	4930.48	
0.106339	0.375788	1.34259	0.24954	-0.0766819	0.0293973	1970.22	4851.12	
0.107365	0.374512	1.38001	0.293838	-0.127581	0.164192	1881.56	4407.81	
0.109984	0.373641	1.42197	0.377158	-0.155314	0.434325	1659.78	3298.91	
0.103337	0.411452	1.30759	0.136622	-0.0788139	-0.0117295	2477.17	7385.83	
0.102846	0.410933	1.3427	0.115973	-0.0984134	0.0289832	2451.66	7258.28	
0.103507	0.40966	1.37903	0.146475	-0.14957	0.119778	2371.64	6858.19	
0.105614	0.408062	1.41912	0.220336	-0.205942	0.326925	2171.14	5855.7	
0.153794	0.371645	1.34336	0.724378	-0.229233	0.0766019	1355.14	1775.71	
0.153697	0.36989	1.38209	0.730579	-0.292721	0.249879	1263.5	1317.49	
0.147325	0.406281	1.30798	0.465824	-0.221916	0.00752783	1794.56	3972.8	
0.146373	0.404968	1.34317	0.429779	-0.27968	0.0611264	1754.88	3774.39	
0.146436	0.403414	1.37992	0.44272	-0.337978	0.155285	1651.6	3257.99	
0.148088	0.402543	1.42169	0.501712	-0.352559	0.416405	1482.3	2411.51	
0.116833	0.300566	1.47473	0.546034	-0.165709	0.788015	1266.83	1334.17	
0.119096	0.303884	1.5273	0.426685	-0.102718	0.798232	1059.26	296.322	
0.115024	0.334186	1.47332	0.505271	-0.219733	0.75729	1315.56	1577.8	
0.117578	0.336082	1.52678	0.397719	-0.196515	0.784849	1111.62	558.124	
0.113252	0.367026	1.47171	0.434653	-0.298214	0.727403	1395.42	1977.12	
0.115819	0.367402	1.52802	0.351841	-0.275575	0.834089	1164.01	820.032	
0.109506	0.401824	1.46512	0.328863	-0.300602	0.548433	1762.54	3812.71	
0.113199	0.399026	1.51601	0.307945	-0.263725	0.592111	1422.1	2110.5	
0.150157	0.398064	1.46994	0.611836	-0.332245	0.636422	1196.71	983.567	
0.287781	0.11238	0.97081	0.392172	0.209784	0.0754358	1209.21	1046.03	
0.296274	0.145445	0.976147	0.606514	0.249045	0.210333	1064.29	321.439	
0.285283	0.11033	1.01273	0.857233	0.0426505	0.395314	1323.1	1615.49	
0.28836	0.142216	1.01387	0.992956	0.12448	0.430552	1223.43	1117.15	
0.191245	0.106836	1.01081	0.601735	0.159651	0.0314424	1693.77	3468.86	
0.19905	0.105501	1.04368	0.768503	0.136888	0.108632	1666.45	3332.25	
0.197833	0.105699	1.07541	0.735983	0.105015	0.137626	1685.74	3428.7	
0.197508	0.105485	1.10663	0.732335	0.0943949	0.128577	1687.92	3439.58	
0.193557	0.137636	1.01142	0.659842	0.106957	0.0747288	1353.22	1766.1	
0.204098	0.139596	1.04586	0.896257	0.120184	0.144623	1312.88	1564.39	
0.203116	0.139302	1.07724	0.859244	0.120411	0.171484	1355.35	1776.75	
0.204685	0.139522	1.10877	0.919993	0.124448	0.189136	1359.63	1798.14	
0.244819	0.109357	1.00182	0.617764	0.155275	-0.283473	1426.26	2131.28	
0.25483	0.107459	1.04214	0.820748	0.0781998	0.00984765	1523.14	2615.69	
0.25556	0.106924	1.07465	0.865297	0.0174815	0.134257	1494.96	2474.82	
0.253765	0.107547	1.10641	0.803302	0.0211827	0.133114	1473.66	2368.3	
0.245771	0.140257	1.00728	0.639399	0.137623	-0.120123	1187.26	936.324	
0.260003	0.141276	1.04695	0.96635	0.0533385	0.110136	1296.1	1480.51	
0.260635	0.140994	1.07814	0.994897	0.0483133	0.210987	1300.82	1504.12	
0.262361	0.14168	1.10904	1.05173	0.0705232	0.202181	1303.28	1516.42	
0.199837	0.106454	1.13838	0.768063	0.11235	0.104987	1629.4	3146.98	
0.198738	0.106568	1.17053	0.787466	0.121329	0.0155722	1602.91	3014.56	
0.199072	0.106939	1.2037	0.796815	0.136699	-0.0432329	1577.88	2889.39	
0.198941	0.107036	1.23706	0.791425	0.143265	-0.0827423	1575.47	2877.34	
0.198085	0.106868	1.27064	0.76302	0.144652	-0.0938714	1587.03	2935.16	
0.206324	0.139692	1.1396	0.938363	0.136148	0.13903	1337.71	1688.55	
0.204996	0.13988	1.17116	0.938763	0.142472	0.0448146	1315.61	1578.07	
0.205351	0.14022	1.20357	0.951484	0.157288	-0.0399153	1290.07	1450.35	
0.205408	0.140363	1.23667	0.953	0.16355	-0.0881953	1280.24	1401.19	
0.205675	0.140202	1.2708	0.963001	0.15969	-0.0787951	1275.24	1376.21	
0.256055	0.108022	1.13734	0.863826	0.0268313	0.0772728	1434.95	2174.75	
0.255906	0.108248	1.16927	0.878708	0.042096	-0.00312653	1400.41	2002.04	
0.255805	0.10876	1.2019	0.876275	0.0609161	-0.0613338	1371.44	1857.22	
0.25615	0.109038	1.23552	0.886521	0.0733691	-0.0879771	1349.75	1748.74	
0.254202	0.109293	1.26985	0.827433	0.0808594	-0.0998913	1350.28	1751.4	
0.263862	0.142109	1.13936	1.08961	0.072159	0.130382	1290.13	1450.64	
0.26242	0.142194	1.17002	1.06281	0.0850824	0.0205721	1261.18	1305.9	
0.262775	0.142643	1.20214	1.0806	0.103879	-0.0556754	1230.09	1150.45	
0.263116	0.142986	1.23533	1.09152	0.119156	-0.100053	1204.58	1022.92	
0.263681	0.143085	1.26975	1.11193	0.13081	-0.110684	1197.35	986.749	
0.15374	0.138457	1.30737	0.698332	0.124591	-0.0100786	1408.43	2042.14	
0.155042	0.141763	1.42588	0.744859	0.25067	0.566715	1142.68	713.381	
0.200411	0.107957	1.30477	0.794918	0.16858	-0.0572814	1535.71	2678.57	
0.198772	0.107824	1.34056	0.790799	0.178611	-0.0137326	1512.16	2560.78	
0.198315	0.109325	1.37885	0.764991	0.238659	0.134299	1419.54	2097.71	
0.196634	0.111531	1.42084	0.735001	0.302564	0.372182	1282.24	1411.21	
0.206958	0.140916	1.3051	0.970022	0.190277	-0.046789	1251.86	1259.31	
0.205475	0.141125	1.34158	0.96247	0.200716	0.0397138	1208.5	1042.51	
0.205088	0.142673	1.38165	0.940857	0.266632	0.250421	1122.61	613.051	
0.204028	0.145596	1.42608	0.923859	0.360017	0.522005	1030.24	151.179	
0.256562	0.109936	1.30365	0.884432	0.100993	-0.0882313	1329.17	1645.85	
0.255398	0.109957	1.33969	0.857508	0.117496	-0.0176338	1296.61	1483.03	
0.254051	0.111595	1.37793	0.812005	0.176792	0.137321	1213.76	1068.82	
0.251222	0.114214	1.41948	0.72567	0.25265	0.354515	1074.48	372.389	
0.264523	0.143832	1.3046	1.12059	0.148337	-0.0710952	1185.78	928.897	
0.262626	0.144105	1.3409	1.07537	0.172892	0.0283922	1137.16	685.806	
0.261479	0.145824	1.38103	1.03736	0.241399	0.248061	1064.96	324.781	
0.153571	0.112878	1.52326	0.572875	0.21968	0.699544	1167.37	836.852	
0.156744	0.143452	1.47799	0.797113	0.318436	0.817056	1065.08	325.386	
0.160903	0.147954	1.53293	0.759026	0.299206	0.937311	990.663	-46.6853	
0.195028	0.113658	1.46742	0.698357	0.306856	0.59901	1135.13	675.64	
0.195707	0.115558	1.51935	0.705904	0.227677	0.591795	1020.03	100.156	
0.202853	0.1473	1.47544	0.898198	0.389436	0.731482	1001.01	5.04676	
0.24566	0.116904	1.46455	0.613741	0.277209	0.524942	946.27	-268.652	
0.238367	0.119186	1.51024	0.494174	0.255108	0.41367	864.987	-675.063	
0.154002	0.17073	1.04554	0.686006	-0.0140298	0.174787	1408.58	2042.89	
0.154371	0.171186	1.07788	0.712231	0.0195534	0.219058	1444.74	2223.68	
0.155472	0.171212	1.11019	0.739818	0.0359415	0.228293	1451.03	2255.13	
0.153434	0.204203	1.04562	0.66162	-0.0592046	0.181501	1398.04	1990.21	
0.153637	0.20447	1.07793	0.682209	-0.0290399	0.220126	1433.42	2167.08	
0.154978	0.204787	1.11015	0.721558	-0.00329016	0.230783	1434.92	2174.6	
0.153417	0.238356	1.04557	0.671491	-0.0810391	0.181831	1385.22	1926.11	
0.153712	0.23862	1.07788	0.696685	-0.0518948	0.219803	1419.45	2097.27	
0.155046	0.238914	1.11011	0.73636	-0.024726	0.229365	1418.08	2090.41	
0.153557	0.273096	1.04542	0.675357	-0.0707193	0.18229	1388.4	1942.01	
0.153927	0.273328	1.07777	0.698297	-0.0402371	0.219044	1423.83	2119.14	
0.15506	0.273486	1.10997	0.733323	-0.0227986	0.222703	1425.63	2128.16	
0.291759	0.173753	1.01178	1.09295	0.089866	0.346497	1280.94	1404.69	
0.29177	0.204338	1.01337	1.09616	0.0303868	0.389066	1278.95	1394.73	
0.291629	0.236072	1.01338	1.08995	-0.0522638	0.384907	1248.37	1241.84	
0.291582	0.268188	1.01351	1.08804	-0.140594	0.392	1237.27	1186.37	
0.198704	0.168834	1.01215	0.775064	0.0359321	0.075163	1293.98	1469.89	
0.209405	0.171072	1.04562	1.01091	0.0419242	0.127128	1279.34	1396.69	
0.209145	0.171032	1.0776	1.00603	0.0507057	0.16586	1332.01	1660.07	
0.209026	0.171118	1.10941	0.998503	0.0667522	0.206932	1342.01	1710.03	
0.197681	0.200651	1.01256	0.793931	-0.0835492	0.0964651	1265.64	1328.19	
0.208083	0.203301	1.04585	1.01205	-0.059403	0.138709	1264.4	1321.98	
0.207876	0.203046	1.07758	1.00564	-0.0510148	0.16729	1314.87	1574.33	
0.208482	0.203692	1.10922	1.02219	-0.0164904	0.209765	1319.34	1596.71	
0.198213	0.233732	1.01279	0.804477	-0.150663	0.112174	1247.2	1236.02	
0.208693	0.236326	1.04589	1.02654	-0.130209	0.143402	1246.04	1230.18	
0.208608	0.236145	1.07763	1.02547	-0.119904	0.17159	1297.46	1487.31	
0.209082	0.236729	1.10925	1.03719	-0.0856949	0.210621	1299.71	1498.57	
0.197876	0.267544	1.01279	0.798123	-0.167537	0.12467	1247.58	1237.88	
0.207981	0.270175	1.04601	1.00609	-0.137018	0.15315	1245.91	1229.54	
0.207688	0.270065	1.07773	0.996059	-0.12422	0.175671	1294.25	1471.24	
0.208465	0.270583	1.10939	1.01694	-0.0946748	0.209343	1295.79	1478.94	
0.252641	0.170788	1.00505	0.774594	0.0606335	-0.201963	1204.29	1021.46	
0.266832	0.172188	1.04572	1.11933	0.016339	0.054224	1321.37	1606.84	
0.269109	0.172337	1.07841	1.20257	0.0257475	0.195574	1322.02	1610.11	
0.266985	0.172791	1.10946	1.12317	0.0490926	0.200602	1340.86	1704.32	
0.252388	0.2015	1.00687	0.786264	-0.0284761	-0.154577	1174	870.006	
0.265365	0.202783	1.04643	1.08492	-0.0694764	0.0655953	1304.58	1522.91	
0.267294	0.203208	1.07877	1.14706	-0.0449506	0.200716	1310.85	1554.25	
0.266809	0.204417	1.10976	1.13264	0.00790175	0.211537	1320.19	1600.93	
0.253497	0.233206	1.00762	0.815901	-0.106131	-0.126413	1153.17	765.848	
0.26633	0.234917	1.04707	1.11719	-0.129286	0.0896352	1273.35	1366.77	
0.268297	0.235457	1.07889	1.18218	-0.0990649	0.207048	1273.99	1369.95	
0.26783	0.236485	1.10988	1.16977	-0.0547583	0.218487	1283.11	1415.57	
0.25227	0.265339	1.00923	0.793507	-0.186803	-0.0778405	1130.4	652.007	
0.264751	0.267899	1.04747	1.08023	-0.213736	0.117656	1262.2	1311.02	
0.266582	0.268344	1.07906	1.13654	-0.174575	0.218749	1272.19	1360.97	
0.266303	0.269046	1.10968	1.12574	-0.138786	0.220552	1279.73	1398.63	
0.156851	0.170508	1.14157	0.785262	0.0193543	0.16228	1438.57	2192.85	
0.156665	0.170917	1.1732	0.784627	0.0337131	0.0944767	1418.39	2091.96	
0.156742	0.170782	1.20553	0.799973	0.0314467	0.0162467	1391.84	1959.22	
0.156792	0.170693	1.2388	0.80571	0.0253036	-0.0206989	1375.04	1875.21	
0.156791	0.170763	1.27285	0.802191	0.0283073	-0.0323459	1373.25	1866.23	
0.156116	0.203328	1.14166	0.758707	-0.0455689	0.167955	1420.86	2104.28	
0.155899	0.203771	1.17328	0.757522	-0.0289552	0.0991744	1401.31	2006.53	
0.156059	0.203527	1.20562	0.776801	-0.0360998	0.0211719	1374.07	1870.34	
0.156159	0.203402	1.23876	0.785306	-0.0423946	-0.0232063	1357.13	1785.64	
0.156406	0.203503	1.27274	0.790984	-0.039884	-0.0319079	1353.14	1765.71	
0.156237	0.237197	1.14167	0.776809	-0.0746408	0.168596	1398.58	1992.9	
0.156158	0.237506	1.17322	0.779334	-0.0642199	0.0962895	1378.01	1890.03	
0.156279	0.237214	1.2056	0.797435	-0.0743076	0.0192115	1352.08	1760.41	
0.156372	0.237101	1.23873	0.805551	-0.0814617	-0.024826	1335.86	1679.3	
0.156616	0.237243	1.27267	0.81113	-0.0762234	-0.0353149	1330.87	1654.33	
0.156545	0.272048	1.14156	0.785193	-0.065878	0.168018	1402.29	2011.43	
0.1562	0.271947	1.17316	0.776661	-0.0671042	0.0942765	1380.46	1902.31	
0.156401	0.271719	1.20559	0.796901	-0.0745358	0.0192183	1353.93	1769.66	
0.15649	0.271617	1.23877	0.804454	-0.0803381	-0.0235619	1337.81	1689.05	
0.156733	0.271685	1.27272	0.810742	-0.0788895	-0.0368288	1332.59	1662.96	
0.211947	0.171002	1.14059	1.05899	0.0674822	0.170429	1324.29	1621.43	
0.210997	0.17088	1.1716	1.07831	0.0737408	0.0691432	1306.27	1531.34	
0.21144	0.171007	1.20358	1.09502	0.076228	-0.0310812	1278.32	1391.6	
0.211446	0.170933	1.23635	1.09629	0.0722709	-0.0918174	1265.35	1326.75	
0.210705	0.17089	1.27028	1.07066	0.0727988	-0.0895148	1256.56	1282.79	
0.210795	0.202756	1.14055	1.06022	-0.0329439	0.178046	1300.04	1500.19	
0.210245	0.202578	1.1717	1.09564	-0.0309685	0.0746469	1283.67	1418.33	
0.21065	0.202589	1.20363	1.11208	-0.0311842	-0.0283901	1254.43	1272.17	
0.210714	0.202482	1.23624	1.11677	-0.0375908	-0.0952248	1240.69	1203.46	
0.210469	0.202585	1.27008	1.10665	-0.0377136	-0.0866467	1227.03	1135.14	
0.211522	0.235208	1.14066	1.07912	-0.115903	0.180638	1275.35	1376.77	
0.21093	0.235022	1.17173	1.11361	-0.115625	0.0759066	1258.74	1293.69	
0.211404	0.235012	1.20361	1.13196	-0.119518	-0.0291656	1229.85	1149.24	
0.211472	0.234957	1.23621	1.13716	-0.126009	-0.0953812	1216.39	1081.96	
0.211115	0.235114	1.27003	1.12372	-0.125027	-0.0891003	1201.83	1009.16	
0.211328	0.268902	1.14073	1.0836	-0.126956	0.174436	1268.96	1344.8	
0.210347	0.268571	1.17171	1.09572	-0.138609	0.070196	1248.33	1241.64	
0.210814	0.268518	1.20365	1.11442	-0.142027	-0.029304	1219.39	1096.97	
0.210872	0.268469	1.23629	1.11947	-0.148595	-0.09466	1206.67	1033.37	
0.21069	0.268722	1.27019	1.11159	-0.145559	-0.0900932	1191.13	955.644	
0.269832	0.172802	1.1399	1.19021	0.0564808	0.153058	1326.98	1634.88	
0.270081	0.172623	1.17054	1.23191	0.0578317	0.0500822	1299.33	1496.65	
0.270222	0.172712	1.20201	1.24297	0.0634058	-0.0481897	1264.37	1321.83	
0.270586	0.172851	1.23495	1.25365	0.0721555	-0.103522	1232.48	1162.39	
0.268833	0.173116	1.26901	1.2062	0.0764312	-0.126942	1228.05	1140.27	
0.269027	0.203728	1.14048	1.16576	-0.00310796	0.170234	1311.67	1558.34	
0.269158	0.203318	1.17095	1.20737	-0.00663639	0.0663993	1286.08	1430.41	
0.269572	0.203268	1.20232	1.23078	-0.00644696	-0.0352027	1249.46	1247.31	
0.270032	0.2034	1.23494	1.2458	-7.90431e-05	-0.099813	1214.79	1073.96	
0.269298	0.203856	1.26904	1.24163	0.00766857	-0.121349	1201.78	1008.88	
0.270045	0.235289	1.14077	1.20037	-0.0788003	0.183767	1269.33	1346.67	
0.27016	0.23493	1.1711	1.24165	-0.0772669	0.0716165	1243.82	1219.08	
0.270516	0.234771	1.20242	1.26305	-0.0827382	-0.0309832	1207.27	1036.35	
0.270926	0.234814	1.23502	1.27636	-0.0819649	-0.0951031	1173.65	868.272	
0.270184	0.235256	1.26915	1.27287	-0.080755	-0.114554	1158.9	794.503	
0.269755	0.267795	1.14049	1.21731	-0.169147	0.172357	1264.96	1324.78	
0.269076	0.267208	1.17087	1.22158	-0.178151	0.0606402	1235.7	1178.5	
0.26961	0.26707	1.20238	1.24904	-0.182143	-0.035429	1197.58	987.894	
0.270078	0.267196	1.23503	1.26638	-0.179539	-0.097225	1165.56	827.805	
0.269285	0.267553	1.26903	1.2561	-0.175623	-0.115159	1149.51	747.535	
0.15825	0.170781	1.30714	0.844715	0.0313779	-0.0274213	1357.82	1789.11	
0.157507	0.170698	1.34315	0.823398	0.0276836	0.0677529	1319.95	1599.76	
0.157741	0.170848	1.38338	0.844154	0.0396431	0.306251	1220.91	1104.53	
0.159552	0.171906	1.42913	0.886882	0.110655	0.630112	1088.74	443.703	
0.157844	0.203284	1.3073	0.833219	-0.0473108	-0.0176728	1334.76	1673.8	
0.157078	0.202836	1.34356	0.813413	-0.0653208	0.0864465	1291.47	1457.37	
0.157586	0.202494	1.38375	0.84789	-0.0615751	0.316108	1190.62	953.098	
0.160002	0.20354	1.42856	0.912012	-0.0170363	0.639015	1053.12	265.623	
0.158023	0.23678	1.30736	0.853818	-0.0918419	-0.0150329	1310.19	1550.96	
0.157399	0.236125	1.34363	0.8378	-0.117618	0.0875799	1265.82	1329.11	
0.157896	0.235676	1.38368	0.871676	-0.124437	0.31822	1165.74	828.681	
0.160349	0.236343	1.42876	0.937612	-0.0963302	0.644376	1028.12	140.62	
0.158138	0.271218	1.30749	0.854174	-0.0969725	-0.00998035	1309.93	1549.65	
0.157493	0.270536	1.34368	0.837135	-0.123061	0.0898503	1265.69	1328.45	
0.158049	0.269963	1.38365	0.871462	-0.133926	0.317121	1164.03	820.145	
0.160369	0.270254	1.42875	0.936639	-0.119342	0.643773	1033.94	169.689	
0.258897	0.148989	1.42398	0.951981	0.343545	0.477184	965.093	-174.536	
0.212849	0.17164	1.30506	1.09959	0.0961139	-0.03961	1225.22	1126.12	
0.211316	0.171192	1.34228	1.09345	0.0938174	0.0803433	1178.47	892.342	
0.210413	0.172049	1.38341	1.05293	0.133251	0.31812	1090.93	454.635	
0.208672	0.173732	1.42871	1.01114	0.207075	0.580706	1011.59	57.9586	
0.212168	0.20287	1.30503	1.12277	-0.025623	-0.0301761	1194.14	970.701	
0.210949	0.202258	1.34269	1.1295	-0.0347551	0.0987389	1143.07	715.335	
0.210282	0.202797	1.38396	1.09806	0.00123411	0.339507	1053.35	266.771	
0.2086	0.204449	1.42877	1.05798	0.0594534	0.607909	974.573	-127.136	
0.212893	0.234979	1.3052	1.14114	-0.121819	-0.0247178	1166.58	832.882	
0.211626	0.234278	1.34287	1.14667	-0.135011	0.106149	1115.21	576.06	
0.211003	0.234741	1.38405	1.1159	-0.108072	0.348465	1024.33	121.634	
0.20922	0.23599	1.42906	1.07276	-0.065805	0.617065	944.681	-276.597	
0.212535	0.268132	1.30559	1.13928	-0.15037	-0.0232812	1156.06	780.324	
0.211288	0.267682	1.343	1.13988	-0.166457	0.107086	1103.95	519.742	
0.210833	0.267908	1.38413	1.1178	-0.147749	0.346986	1013.31	66.5475	
0.209424	0.268785	1.42921	1.08326	-0.117533	0.616349	936.512	-317.439	
0.270881	0.173888	1.30386	1.23556	0.105194	-0.07711	1204.15	1020.77	
0.269586	0.173603	1.34171	1.21402	0.10676	0.0737904	1145.39	726.949	
0.267371	0.174756	1.38321	1.1379	0.158188	0.32809	1068.64	343.196	
0.262929	0.176686	1.42706	1.01016	0.230654	0.549532	966.147	-169.263	
0.270631	0.204209	1.30434	1.23574	0.0230838	-0.0585915	1180.25	901.247	
0.269349	0.203732	1.34227	1.22129	0.0215366	0.0981231	1116.19	580.952	
0.267458	0.204829	1.38404	1.15817	0.0752575	0.360522	1038.8	194.003	
0.263352	0.206973	1.42721	1.04411	0.140813	0.577643	933.171	-334.143	
0.271556	0.235165	1.30462	1.26636	-0.0774969	-0.0459488	1136.4	682.019	
0.270216	0.234687	1.34253	1.24915	-0.0776961	0.108729	1075.22	376.122	
0.268111	0.235619	1.38425	1.17675	-0.0345917	0.375243	1000.82	4.08038	
0.263594	0.237215	1.42726	1.04807	0.00817614	0.580291	898.168	-509.161	
0.271109	0.267144	1.30483	1.27905	-0.186541	-0.0469427	1128.15	640.736	
0.269654	0.266883	1.34244	1.2537	-0.183266	0.102406	1067.85	339.261	
0.267917	0.267716	1.38399	1.19386	-0.143363	0.365466	993.259	-33.7027	
0.263885	0.269147	1.42687	1.07849	-0.100396	0.571594	893.504	-532.48	
0.16154	0.172497	1.48029	0.940443	0.162002	0.848082	1044.45	222.256	
0.162401	0.203077	1.48038	0.988422	0.0467155	0.855102	1000.07	0.342837	
0.162911	0.234759	1.48075	1.02004	-0.0528215	0.862649	965.418	-172.909	
0.162541	0.268165	1.48062	1.00109	-0.0992283	0.86902	961.278	-193.61	
0.204172	0.149241	1.52725	0.882156	0.276537	0.7815	999.661	-1.69548	
0.252653	0.150368	1.47246	0.813425	0.33027	0.677205	949.265	-253.673	
0.164361	0.176449	1.5336	0.837021	0.192027	0.940366	1004.82	24.1112	
0.165377	0.207438	1.53346	0.871337	0.116795	0.91933	966.676	-166.621	
0.166073	0.238686	1.53323	0.900929	0.0109699	0.902898	940.353	-298.237	
0.165801	0.271024	1.53383	0.90424	-0.0860562	0.911293	932.739	-336.304	
0.245173	0.151324	1.51609	0.791056	0.213585	0.652093	954.209	-228.956	
0.207816	0.175153	1.47756	0.995306	0.256194	0.771159	1020.38	101.903	
0.208216	0.17796	1.5292	0.955655	0.218688	0.817663	1040.91	204.551	
0.208259	0.205713	1.47768	1.04579	0.153256	0.782734	980.565	-97.1766	
0.208766	0.20873	1.52879	0.983882	0.158463	0.807199	1018.85	94.2288	
0.208838	0.236409	1.47811	1.06102	0.0240398	0.789888	955.572	-222.141	
0.20909	0.23918	1.5286	0.993338	0.0372505	0.792358	1000.23	1.13903	
0.208397	0.268353	1.47839	1.05055	-0.0705605	0.791102	945.786	-271.068	
0.20888	0.270478	1.52884	0.985134	-0.0759298	0.790861	991.014	-44.9305	
0.256804	0.17841	1.4757	0.883325	0.256056	0.734744	976.089	-119.556	
0.249406	0.178981	1.5188	0.880461	0.205596	0.6803	977.613	-111.937	
0.256935	0.208915	1.47664	0.897004	0.202379	0.762798	955.809	-220.957	
0.24982	0.210284	1.51858	0.908441	0.182681	0.677833	975.957	-120.216	
0.256609	0.238851	1.47696	0.882821	0.073743	0.776051	934.577	-327.117	
0.249233	0.239934	1.51777	0.895996	0.0554035	0.653862	967.397	-163.017	
0.25646	0.269975	1.47629	0.895129	-0.0582094	0.772595	923.464	-382.68	
0.248703	0.271006	1.51742	0.88818	-0.0815807	0.66234	962.323	-188.387	
0.296784	0.364547	0.978003	0.645648	-0.313341	0.268924	1060.39	301.927	
0.28712	0.39727	0.97073	0.387263	-0.274195	0.138619	1123.16	615.808	
0.154682	0.307537	1.04557	0.710753	-0.0673232	0.17962	1381.32	1906.6	
0.155026	0.307819	1.0779	0.73607	-0.0356737	0.219461	1415.75	2078.73	
0.156303	0.307548	1.11049	0.768305	-0.0291793	0.239103	1419.01	2095.05	
0.152482	0.341576	1.04545	0.622965	-0.0742987	0.17671	1400.13	2000.66	
0.152578	0.341737	1.07796	0.641069	-0.0516036	0.221673	1434.92	2174.61	
0.153986	0.341746	1.11006	0.680336	-0.033103	0.225094	1433.37	2166.86	
0.292505	0.301132	1.01212	1.11753	-0.228476	0.354698	1262.73	1313.64	
0.292237	0.332596	1.01431	1.11778	-0.29938	0.423335	1285.19	1425.94	
0.291367	0.364269	1.01695	1.06572	-0.287035	0.498154	1176.6	882.994	
0.279077	0.397477	1.00793	0.682762	-0.141112	0.273942	1192.85	964.247	
0.2001	0.301848	1.01303	0.818105	-0.139109	0.113432	1228.19	1140.96	
0.210417	0.304264	1.04606	1.03904	-0.129428	0.146982	1227.17	1135.84	
0.210343	0.304121	1.07789	1.04157	-0.119262	0.179069	1276.19	1380.94	
0.210591	0.303956	1.10987	1.04966	-0.108205	0.221301	1282.72	1413.61	
0.197626	0.335303	1.01284	0.798723	-0.201385	0.108959	1258.22	1291.09	
0.208019	0.3377	1.046	1.01911	-0.187051	0.14543	1258.43	1292.15	
0.207899	0.337242	1.07771	1.0181	-0.184287	0.172177	1308.1	1540.5	
0.208606	0.337746	1.10902	1.03752	-0.153822	0.20085	1306.65	1533.26	
0.195736	0.367383	1.01229	0.752267	-0.314916	0.0934175	1303.5	1517.5	
0.205353	0.369617	1.04575	0.95739	-0.296964	0.14033	1289.34	1446.72	
0.205189	0.369613	1.07722	0.954528	-0.275586	0.160845	1333.07	1665.36	
0.206027	0.370068	1.10841	0.982333	-0.237877	0.175152	1328.97	1644.85	
0.189322	0.399988	1.01092	0.562232	-0.351091	0.0520705	1559.73	2798.64	
0.195316	0.403985	1.04269	0.675796	-0.302275	0.0896697	1604.06	3020.31	
0.194418	0.402728	1.07523	0.656997	-0.289511	0.118676	1606.05	3030.23	
0.194969	0.404235	1.10675	0.677358	-0.218645	0.118641	1604.34	3021.71	
0.254792	0.298222	1.00704	0.829501	-0.261018	-0.133622	1160.44	802.193	
0.268496	0.299997	1.04672	1.16038	-0.290637	0.0899292	1283.58	1417.92	
0.270755	0.300746	1.07888	1.23706	-0.243907	0.21296	1284.55	1422.77	
0.269614	0.300897	1.11006	1.19811	-0.225275	0.221061	1294.07	1470.37	
0.253223	0.330211	1.00732	0.822177	-0.340389	-0.140096	1172.19	860.964	
0.265986	0.3314	1.04686	1.11292	-0.377384	0.0848058	1313.7	1568.49	
0.268318	0.332294	1.07877	1.19183	-0.322309	0.204243	1309.44	1547.19	
0.267618	0.333246	1.10925	1.1685	-0.277595	0.196302	1309.18	1545.9	
0.251059	0.36086	1.00692	0.780478	-0.403999	-0.146546	1177.48	887.409	
0.265651	0.364626	1.04723	1.12136	-0.334029	0.109859	1264.95	1324.77	
0.267686	0.365599	1.07812	1.19655	-0.2634	0.195586	1244.59	1222.94	
0.267567	0.36627	1.10871	1.19177	-0.218477	0.186301	1242.2	1211	
0.241586	0.396285	1.005	0.593064	-0.279775	-0.176604	1195.95	979.758	
0.249432	0.399136	1.04215	0.74562	-0.25767	0.0201293	1308.88	1544.39	
0.250272	0.399276	1.07507	0.785772	-0.192461	0.116483	1304.82	1524.08	
0.249779	0.400109	1.10712	0.753143	-0.149424	0.152614	1297.12	1485.58	
0.157788	0.306229	1.14196	0.817841	-0.0736237	0.178286	1401.25	2006.25	
0.157716	0.306393	1.1734	0.821888	-0.0667672	0.102981	1378.56	1892.78	
0.15786	0.306077	1.20561	0.840736	-0.0766868	0.0200504	1350.29	1751.45	
0.157949	0.305942	1.23875	0.848738	-0.0836786	-0.0238941	1333.06	1665.28	
0.158058	0.305863	1.27292	0.848993	-0.0854732	-0.0285321	1328.77	1643.85	
0.155264	0.339952	1.14175	0.725178	-0.100326	0.173478	1419.26	2096.29	
0.154892	0.339987	1.17339	0.715618	-0.0974658	0.106317	1399.93	1999.67	
0.155063	0.339619	1.20573	0.737092	-0.109652	0.0263976	1372.13	1860.67	
0.155197	0.339436	1.23885	0.747301	-0.118041	-0.0187105	1355.6	1777.98	
0.155635	0.339591	1.27275	0.760075	-0.107999	-0.0323558	1348.29	1741.46	
0.213368	0.302604	1.14117	1.10045	-0.148801	0.192839	1259.47	1297.37	
0.212717	0.302249	1.17188	1.13298	-0.152337	0.0806827	1240.92	1204.58	
0.213161	0.302132	1.20366	1.14974	-0.159613	-0.0256518	1209.84	1049.2	
0.213228	0.302053	1.2363	1.15431	-0.165741	-0.0910439	1195.55	977.77	
0.212765	0.301973	1.27049	1.14176	-0.16709	-0.0793675	1182.08	910.424	
0.210959	0.335451	1.14079	1.07721	-0.22409	0.185196	1287.01	1435.04	
0.210551	0.335372	1.1718	1.11846	-0.219715	0.0775297	1273.44	1367.21	
0.210858	0.335176	1.20359	1.13281	-0.22739	-0.0313522	1243.36	1216.81	
0.21094	0.335007	1.2362	1.13744	-0.23703	-0.097371	1229.69	1148.47	
0.210667	0.335352	1.26988	1.12391	-0.228036	-0.0941628	1212.31	1061.56	
0.208333	0.367226	1.14062	1.01843	-0.316799	0.177972	1299.59	1497.96	
0.20745	0.367022	1.17151	1.04717	-0.319041	0.0611843	1290.44	1452.21	
0.20789	0.366668	1.20359	1.06211	-0.337234	-0.0361213	1262.15	1310.73	
0.207971	0.366526	1.23625	1.06707	-0.349436	-0.0998928	1252.76	1263.8	
0.207731	0.366925	1.2698	1.05467	-0.339516	-0.104083	1235.05	1175.27	
0.197774	0.401338	1.1395	0.741576	-0.285037	0.137288	1498.11	2490.55	
0.196293	0.401072	1.17124	0.744114	-0.292933	0.0407314	1472.89	2364.46	
0.196743	0.400634	1.20407	0.758642	-0.314676	-0.0264565	1444.78	2223.91	
0.196617	0.400432	1.23705	0.755958	-0.329655	-0.0807638	1442.9	2214.49	
0.196411	0.401177	1.27039	0.744812	-0.312548	-0.101046	1444.42	2222.12	
0.272034	0.299163	1.14079	1.24525	-0.27442	0.185192	1281.75	1408.77	
0.272468	0.298879	1.17097	1.294	-0.275905	0.0678957	1256.86	1284.3	
0.272721	0.298673	1.2022	1.31076	-0.283465	-0.0376653	1217.73	1088.64	
0.273038	0.298798	1.23491	1.3212	-0.279981	-0.0986448	1182.86	914.312	
0.271908	0.299075	1.2692	1.30021	-0.278716	-0.117003	1167.07	835.332	
0.270245	0.330711	1.14038	1.22073	-0.348464	0.161175	1300.3	1501.48	
0.270561	0.330267	1.17072	1.26817	-0.358955	0.0531408	1280.76	1403.81	
0.270879	0.330026	1.20201	1.28798	-0.368493	-0.0497161	1243.36	1216.8	
0.271337	0.330072	1.2347	1.30279	-0.367008	-0.109719	1210.15	1050.73	
0.270297	0.330901	1.26856	1.28604	-0.350216	-0.136938	1190.87	954.367	
0.269254	0.363109	1.14022	1.22151	-0.298018	0.148692	1228.54	1142.68	
0.269287	0.362901	1.17038	1.24599	-0.302628	0.0366919	1211.66	1058.32	
0.269468	0.362269	1.20186	1.25677	-0.325993	-0.0574875	1180.32	901.584	
0.269798	0.362097	1.23459	1.26507	-0.3352	-0.114521	1152.57	762.862	
0.269011	0.362804	1.26857	1.25152	-0.326348	-0.134027	1133.43	667.147	
0.252962	0.398029	1.1393	0.845872	-0.187696	0.12684	1231.95	1159.73	
0.251992	0.397375	1.17064	0.845187	-0.199567	0.0426158	1196.76	983.812	
0.252352	0.39689	1.20268	0.857942	-0.216231	-0.0332839	1165.96	829.818	
0.252714	0.396593	1.23547	0.86861	-0.229081	-0.0867205	1147.61	738.038	
0.251535	0.397249	1.26952	0.824832	-0.226357	-0.0883796	1144.99	724.948	
0.159549	0.305464	1.30751	0.893235	-0.105431	-0.00995794	1307.33	1536.67	
0.158975	0.304718	1.34372	0.879842	-0.135151	0.0915238	1263.46	1317.28	
0.159365	0.303848	1.38413	0.907351	-0.158993	0.330145	1161.11	805.54	
0.161423	0.303474	1.42988	0.958657	-0.133284	0.643246	1030.21	151.037	
0.157494	0.339105	1.30752	0.824719	-0.136305	-0.00648545	1330.57	1652.87	
0.156391	0.337996	1.34359	0.786784	-0.179638	0.0871661	1289.87	1449.36	
0.157001	0.336467	1.3835	0.826777	-0.223003	0.302482	1192.43	962.128	
0.159658	0.336196	1.42851	0.90602	-0.22191	0.64033	1056.14	280.725	
0.153398	0.371382	1.30787	0.688375	-0.25544	0.0116014	1386.74	1933.68	
0.155661	0.36709	1.4265	0.782653	-0.39916	0.584085	1117.45	587.248	
0.214622	0.301715	1.30556	1.15693	-0.182874	-0.0162371	1147.12	735.614	
0.213287	0.300879	1.34294	1.15965	-0.201385	0.108262	1098.81	494.031	
0.212335	0.300778	1.38413	1.11657	-0.195287	0.34112	1010.85	54.2279	
0.210375	0.300924	1.42941	1.06285	-0.170404	0.591618	937.906	-310.471	
0.212319	0.334409	1.30526	1.13906	-0.265341	-0.0238144	1181.98	909.913	
0.211197	0.333599	1.34258	1.14854	-0.286125	0.0902692	1138.96	694.813	
0.210297	0.333028	1.38344	1.10796	-0.290861	0.31518	1052.36	261.803	
0.208323	0.333127	1.42831	1.05297	-0.286655	0.593052	975.675	-121.625	
0.209376	0.365516	1.30541	1.06673	-0.383826	-0.0242895	1203.63	1018.14	
0.208133	0.364477	1.34196	1.0795	-0.418429	0.0577446	1170.98	854.917	
0.207539	0.363338	1.38193	1.0463	-0.454813	0.258979	1087.07	435.333	
0.205717	0.362422	1.42642	1.00098	-0.475135	0.54669	1000.1	0.506644	
0.198536	0.39938	1.30564	0.776458	-0.357115	-0.0271168	1377.37	1886.86	
0.196911	0.398739	1.34139	0.774632	-0.384835	0.017737	1341.97	1709.84	
0.196732	0.39751	1.37949	0.760131	-0.42526	0.152267	1253.03	1265.14	
0.195617	0.396731	1.42143	0.745476	-0.443962	0.388362	1153.98	769.925	
0.273416	0.2985	1.3045	1.30663	-0.29723	-0.0505936	1144.83	724.157	
0.272223	0.29814	1.34229	1.28952	-0.299941	0.0982557	1087.15	435.767	
0.269756	0.298768	1.38405	1.20444	-0.268135	0.360801	1010.07	50.3334	
0.264689	0.30002	1.42733	1.05368	-0.215407	0.550933	906.511	-467.444	
0.271816	0.329839	1.30414	1.28913	-0.380071	-0.0731548	1172.97	864.836	
0.270638	0.329145	1.34171	1.27665	-0.39778	0.0701999	1122.12	610.579	
0.268539	0.329584	1.38306	1.20345	-0.367368	0.321146	1046.51	232.571	
0.263853	0.331177	1.42639	1.06265	-0.316033	0.552762	941.873	-290.633	
0.269928	0.361323	1.30446	1.24764	-0.366071	-0.0729008	1117.45	587.252	
0.26885	0.360577	1.34101	1.22688	-0.392498	0.0381134	1081.32	406.58	
0.266692	0.359928	1.38119	1.1438	-0.406091	0.258635	1014.24	71.2084	
0.261756	0.359722	1.42451	0.982006	-0.413634	0.509176	920.943	-395.283	
0.253649	0.396037	1.30487	0.872187	-0.25803	-0.0533585	1114.27	571.351	
0.252013	0.395259	1.34079	0.845007	-0.280979	0.02308	1076.79	383.93	
0.250802	0.39431	1.37866	0.797196	-0.307036	0.163575	1013.82	69.0911	
0.248485	0.393742	1.41989	0.714766	-0.332899	0.382313	930.603	-346.987	
0.163635	0.300992	1.48136	1.01843	-0.168392	0.874288	976.693	-116.536	
0.161988	0.332914	1.48049	0.980742	-0.25502	0.862958	1002.68	13.4049	
0.158591	0.362477	1.47864	0.890939	-0.420959	0.831937	1017.42	87.1083	
0.154351	0.398229	1.52223	0.622334	-0.226483	0.699136	1085.81	429.049	
0.166199	0.302578	1.5339	0.89077	-0.180421	0.931729	955.511	-222.443	
0.164924	0.333851	1.53403	0.862674	-0.274003	0.941197	984.428	-77.8616	
0.162851	0.362378	1.53328	0.827826	-0.397107	0.900528	965.451	-172.745	
0.209311	0.30001	1.47842	1.03699	-0.165581	0.78303	957.932	-210.341	
0.209502	0.301238	1.52926	0.987015	-0.207964	0.804742	1000.17	0.833031	
0.207595	0.331373	1.47716	1.02566	-0.281061	0.766808	981.002	-94.99	
0.208439	0.332373	1.52901	0.980366	-0.298795	0.812777	1031.65	158.263	
0.204813	0.359805	1.47549	0.966892	-0.432155	0.739608	972.022	-139.891	
0.206598	0.361513	1.52748	0.953872	-0.32901	0.744676	990.904	-45.481	
0.19508	0.394016	1.46792	0.741325	-0.380865	0.602763	994.067	-29.6637	
0.196834	0.393833	1.51768	0.764417	-0.295457	0.558426	941.173	-294.133	
0.257167	0.300575	1.4766	0.880268	-0.192885	0.754861	933.924	-330.381	
0.249306	0.301028	1.51819	0.887914	-0.229704	0.665806	960.769	-196.154	
0.256959	0.331422	1.47549	0.891791	-0.276276	0.728297	963.015	-184.926	
0.249727	0.333044	1.51874	0.895186	-0.266234	0.677268	982.979	-85.1034	
0.254259	0.359548	1.47367	0.789535	-0.322412	0.690105	932.546	-337.271	
0.247468	0.360553	1.51688	0.788613	-0.255984	0.60038	941.948	-290.26	
0.243878	0.391645	1.46513	0.601855	-0.312064	0.530793	847.023	-764.887	
0.239462	0.390018	1.51013	0.539399	-0.341264	0.394903	825.044	-874.779	
0.333769	0.114243	0.988937	0.431619	0.141523	0.503786	1049.3	246.494	
0.359032	0.114442	0.96331	0.181715	0.186788	0.485996	1074.55	372.745	
0.36349	0.147284	0.96784	0.349631	0.281513	0.628534	1053.49	267.47	
0.385431	0.114621	0.928782	0.205681	0.284095	0.324111	1061.51	307.529	
0.391101	0.147735	0.934715	0.324498	0.363139	0.517027	947.345	-263.276	
0.43152	0.115691	0.939651	0.250656	0.204631	0.543575	1007.87	39.3625	
0.296882	0.174747	0.974887	0.636204	0.147823	0.110132	1084.38	421.915	
0.298591	0.206433	0.976469	0.696228	0.0854903	0.164535	1063.23	316.144	
0.299065	0.238105	0.977781	0.719735	-0.00371656	0.214935	1042.11	210.554	
0.299653	0.270222	0.978311	0.73002	-0.082228	0.233986	1039.52	197.576	
0.338895	0.146877	0.991465	0.584194	0.21914	0.624475	1050.05	250.229	
0.434532	0.14841	0.943964	0.321142	0.277491	0.731205	1017.2	85.9827	
0.340378	0.176365	0.992548	0.623282	0.184228	0.634215	1086.35	431.748	
0.341029	0.207453	0.992198	0.645985	0.127045	0.622086	1064.4	322.025	
0.341239	0.238841	0.991814	0.655341	0.0279075	0.607521	1045.5	227.504	
0.341264	0.270859	0.991871	0.655965	-0.0635373	0.612792	1043.2	216.014	
0.363639	0.176896	0.968393	0.398747	0.2111	0.583474	1093.02	465.083	
0.364703	0.207543	0.969227	0.426557	0.148155	0.612865	1068.11	340.542	
0.364816	0.238843	0.969957	0.437243	0.0457017	0.637604	1043.67	218.34	
0.364852	0.270734	0.970303	0.436119	-0.0486892	0.664229	1035.08	175.376	
0.392077	0.176302	0.936954	0.351308	0.233238	0.566619	951.855	-240.724	
0.392492	0.207064	0.938755	0.402179	0.131204	0.625914	919.788	-401.062	
0.393318	0.238614	0.939913	0.432712	0.033755	0.676677	897.84	-510.799	
0.393901	0.270817	0.94039	0.438382	-0.0343848	0.709717	891.777	-541.113	
0.435059	0.177044	0.945168	0.306612	0.217096	0.761981	1050.05	250.268	
0.434644	0.208179	0.94505	0.300572	0.155798	0.757228	1021.07	105.348	
0.434764	0.239258	0.944929	0.303166	0.0489955	0.754558	999.832	-0.83986	
0.434828	0.271205	0.945157	0.311942	-0.0567809	0.756319	996.661	-16.6962	
0.299121	0.302309	0.97711	0.725143	-0.171048	0.184714	1048.1	240.52	
0.298536	0.334471	0.977028	0.693946	-0.247219	0.18411	1066.53	332.666	
0.341497	0.302195	0.992001	0.671618	-0.184249	0.609972	1055.65	278.24	
0.341407	0.333802	0.993658	0.657163	-0.264968	0.684193	1086.02	430.106	
0.34012	0.363474	0.994263	0.598439	-0.281277	0.678387	1037.82	189.103	
0.332683	0.395357	0.986343	0.433997	-0.196768	0.45418	980.054	-99.7283	
0.365079	0.302023	0.970124	0.459776	-0.187929	0.647412	1052.15	260.764	
0.365003	0.332945	0.970071	0.433313	-0.285859	0.645329	1094.24	471.216	
0.364575	0.362915	0.970736	0.372923	-0.32181	0.675317	1063.02	315.112	
0.357426	0.394845	0.960881	0.165224	-0.234703	0.467725	980.872	-95.6406	
0.393681	0.302406	0.940161	0.414715	-0.135318	0.687703	905.714	-471.431	
0.392553	0.333608	0.939169	0.402056	-0.257674	0.641919	941.681	-291.595	
0.391489	0.362487	0.937336	0.359824	-0.387722	0.585323	951.067	-244.665	
0.385184	0.395387	0.927484	0.211152	-0.317336	0.350227	980.381	-98.0927	
0.435045	0.302454	0.94544	0.307846	-0.17753	0.775132	1012.71	63.5428	
0.435245	0.333874	0.946177	0.322031	-0.264596	0.803579	1049.29	246.463	
0.435652	0.362484	0.945931	0.33136	-0.321209	0.760282	1008.91	44.5673	
0.430465	0.393999	0.937462	0.251742	-0.256239	0.513196	946.66	-266.701	
0.558457	0.114823	0.854975	0.212156	0.28228	0.369703	1028.69	143.46	
0.562087	0.14807	0.863146	0.304763	0.35091	0.621979	959.39	-203.048	
0.459966	0.114787	0.914684	0.109911	0.19916	0.541908	1055.08	275.381	
0.486156	0.114204	0.879338	0.157073	0.271528	0.348576	1093.44	467.188	
0.491887	0.147223	0.885739	0.287151	0.346751	0.555597	978.332	-108.34	
0.530693	0.116081	0.890311	0.250057	0.260655	0.50962	973.214	-133.929	
0.462824	0.147791	0.919741	0.213768	0.296636	0.699697	1029.81	149.044	
0.533198	0.149791	0.894291	0.320002	0.345989	0.64223	950.858	-245.708	
0.562781	0.176415	0.864976	0.332757	0.225614	0.673928	975.869	-120.655	
0.563742	0.207438	0.866702	0.35324	0.136906	0.748938	940.734	-296.328	
0.564107	0.238914	0.867917	0.370972	0.035616	0.799861	917.43	-412.85	
0.564361	0.271295	0.868306	0.37802	-0.0382364	0.819191	910.199	-449.004	
0.462541	0.177205	0.921231	0.238817	0.221683	0.711451	1062.36	311.822	
0.463129	0.207789	0.922262	0.244879	0.155114	0.749746	1032.39	161.968	
0.462965	0.239043	0.923073	0.244585	0.0502261	0.778087	1006.05	30.2538	
0.463115	0.270766	0.923277	0.250485	-0.0534324	0.789387	995.801	-20.9952	
0.49241	0.176426	0.887789	0.304257	0.241372	0.597314	982.709	-86.4574	
0.492914	0.207255	0.889812	0.352117	0.137643	0.66454	950.501	-247.494	
0.493834	0.238674	0.890971	0.387261	0.0325723	0.71358	929.81	-350.951	
0.494521	0.270613	0.89139	0.397901	-0.042612	0.743558	923.254	-383.728	
0.534041	0.177486	0.895434	0.349307	0.234197	0.667193	983.54	-82.3006	
0.533956	0.208689	0.895379	0.351829	0.180179	0.669344	956.698	-216.51	
0.534089	0.239268	0.89552	0.354261	0.0536932	0.678887	935.93	-320.348	
0.534081	0.271386	0.895845	0.346498	-0.059063	0.68702	933.299	-333.504	
0.564017	0.303215	0.86806	0.384055	-0.126494	0.791604	925.013	-374.935	
0.563859	0.334592	0.867005	0.356641	-0.239069	0.758875	966.086	-169.571	
0.562837	0.3631	0.865813	0.332157	-0.373016	0.703967	972.708	-136.462	
0.557966	0.395409	0.853706	0.215823	-0.311339	0.403532	962.616	-186.919	
0.463326	0.30216	0.923172	0.27075	-0.185439	0.78561	1014.27	71.332	
0.463683	0.33304	0.922997	0.263128	-0.285055	0.777282	1062.17	310.856	
0.463911	0.362767	0.92296	0.231313	-0.33171	0.773152	1037.83	189.168	
0.458261	0.394699	0.912223	0.0873621	-0.241614	0.523571	968.293	-158.535	
0.494119	0.30225	0.891037	0.371685	-0.142151	0.717793	935.522	-322.392	
0.49289	0.333478	0.8902	0.348475	-0.267648	0.679924	975.107	-124.466	
0.492081	0.362773	0.888302	0.313882	-0.381695	0.624068	986.12	-69.3998	
0.486203	0.395634	0.877844	0.171543	-0.317027	0.369335	1010.62	53.1215	
0.534247	0.302283	0.896113	0.358575	-0.184056	0.698115	949.29	-253.55	
0.534421	0.334065	0.896514	0.370492	-0.247228	0.712471	985.626	-71.8697	
0.533935	0.361367	0.89615	0.338633	-0.381573	0.660702	940.861	-295.696	
0.529822	0.393954	0.887957	0.245161	-0.297256	0.480426	915.258	-423.709	
0.633112	0.114987	0.839359	0.188467	0.214554	0.533678	1044.49	222.437	
0.635922	0.147744	0.844171	0.28972	0.307073	0.690851	1009.82	49.116	
0.658986	0.114741	0.803989	0.201538	0.289867	0.334673	1059.31	296.559	
0.664573	0.147917	0.810126	0.315717	0.371428	0.536839	943.694	-281.529	
0.705125	0.115739	0.814662	0.24906	0.206176	0.544443	1005.98	29.8914	
0.602228	0.115764	0.863576	0.226291	0.211164	0.503894	1009.68	48.4196	
0.708132	0.148466	0.818933	0.317661	0.279216	0.73216	1015.67	78.3417	
0.635611	0.176913	0.845442	0.323734	0.214589	0.684601	1040.28	201.409	
0.636101	0.207255	0.846367	0.326573	0.137102	0.719127	1007.9	39.486	
0.635814	0.238676	0.847051	0.31901	0.0382518	0.742649	981.118	-94.4094	
0.635892	0.270739	0.847098	0.318093	-0.0485361	0.755491	971.647	-141.764	
0.665391	0.176377	0.812585	0.335035	0.236839	0.596764	944.64	-276.8	
0.665721	0.207035	0.814465	0.382381	0.130114	0.659915	909.662	-451.69	
0.666507	0.238582	0.815591	0.411502	0.0324222	0.709228	886.409	-567.954	
0.667112	0.270882	0.816006	0.417725	-0.0312844	0.739286	880.493	-597.537	
0.708624	0.17701	0.820175	0.300033	0.216301	0.765585	1048.61	243.028	
0.708126	0.208065	0.820139	0.290568	0.153445	0.764036	1019.21	96.0686	
0.708155	0.239169	0.82008	0.290248	0.0461687	0.763013	996.685	-16.5749	
0.708216	0.271158	0.820268	0.298225	-0.0586061	0.763975	993.361	-33.1936	
0.605259	0.149187	0.867782	0.30144	0.311956	0.69185	1014.01	70.0668	
0.605523	0.177809	0.86952	0.29837	0.248022	0.7276	1044.96	224.785	
0.605735	0.208757	0.869814	0.300746	0.187975	0.742347	1016.98	84.9229	
0.606087	0.239738	0.869976	0.313931	0.0695487	0.752425	992.553	-37.2329	
0.606345	0.271291	0.870207	0.323023	-0.0438724	0.765571	987.947	-60.2669	
0.635963	0.302512	0.847233	0.336221	-0.166333	0.753682	990.232	-48.8403	
0.636747	0.33342	0.847165	0.349337	-0.267557	0.749678	1037.59	187.939	
0.636885	0.362797	0.847355	0.310622	-0.333914	0.752327	1014.57	72.8666	
0.631314	0.394459	0.836938	0.163116	-0.256176	0.518209	955.447	-222.763	
0.66689	0.302479	0.815808	0.393562	-0.131859	0.718707	894.473	-527.633	
0.665846	0.333616	0.814849	0.38491	-0.257098	0.674611	932.972	-335.14	
0.664968	0.362374	0.812876	0.351453	-0.392686	0.611722	947.679	-261.607	
0.658788	0.395287	0.802712	0.209157	-0.322061	0.362048	978.948	-105.26	
0.708472	0.30237	0.820532	0.29311	-0.178743	0.783256	1010.38	51.8778	
0.708663	0.333914	0.821081	0.309637	-0.259565	0.801622	1047.41	237.03	
0.709113	0.362443	0.820686	0.322954	-0.321804	0.750113	998.536	-7.32193	
0.703939	0.393954	0.812544	0.243906	-0.256988	0.517663	942.416	-287.921	
0.606224	0.30194	0.870484	0.32527	-0.195347	0.771083	1003.81	19.0579	
0.606184	0.332918	0.870947	0.316955	-0.296268	0.788113	1045.41	227.055	
0.606405	0.361698	0.87046	0.314752	-0.346171	0.734927	1006.43	32.1282	
0.601399	0.394035	0.861629	0.234197	-0.259201	0.483068	948.939	-255.306	
0.733537	0.114584	0.789672	0.104873	0.193172	0.543637	1062.31	311.575	
0.736378	0.147469	0.794819	0.200649	0.290269	0.712599	1039.17	195.858	
0.758316	0.113642	0.754253	0.0660884	0.241888	0.34667	1120.76	603.789	
0.761993	0.146351	0.760511	0.121444	0.299765	0.545242	1013.2	65.9966	
0.80104	0.112709	0.771384	0.0404935	0.108373	0.75723	1150.05	750.243	
0.80191	0.145756	0.774422	0.0539445	0.209635	0.868776	1053.35	266.743	
0.807956	0.109172	0.72877	-0.350164	0.153567	0.451472	1654.41	3272.07	
0.809853	0.14018	0.729778	-0.276182	0.12575	0.415134	1412.43	2062.15	
0.735925	0.176949	0.796336	0.207631	0.221807	0.724804	1074.52	372.586	
0.736269	0.20754	0.797425	0.217022	0.151713	0.76138	1046.49	232.436	
0.736083	0.238787	0.798233	0.214264	0.0453478	0.790007	1020.3	101.482	
0.73627	0.270508	0.798375	0.217559	-0.0554399	0.802352	1010.85	54.2613	
0.76156	0.17575	0.7625	0.0822102	0.208971	0.592537	1027.77	138.844	
0.761506	0.206904	0.764498	0.117036	0.119213	0.65344	1001.3	6.51172	
0.762082	0.238506	0.765525	0.134501	0.0247804	0.699103	981.233	-93.8352	
0.762626	0.270629	0.765963	0.145402	-0.0486225	0.725336	976.015	-119.923	
0.800273	0.176145	0.776321	0.00129169	0.156734	0.895277	1061.06	305.293	
0.799802	0.20665	0.776013	-0.0289837	0.0902601	0.896972	1055.72	278.609	
0.799268	0.238774	0.775925	-0.051557	0.0256029	0.893255	1034.11	170.556	
0.799157	0.271565	0.776088	-0.0511898	-0.0410381	0.892837	1024.14	120.708	
0.807543	0.172894	0.732577	-0.325589	0.0939645	0.483309	1345.53	1727.63	
0.807629	0.205018	0.732592	-0.323427	0.0293096	0.479963	1325.73	1628.67	
0.807203	0.23777	0.733379	-0.336109	-0.0244896	0.506524	1306.87	1534.35	
0.808299	0.270561	0.732638	-0.31003	-0.0646431	0.488728	1311.76	1558.78	
0.732515	0.397166	0.788335	0.0933853	-0.202552	0.543507	1000.6	3.01264	
0.73638	0.301938	0.798175	0.225005	-0.183422	0.793573	1030.12	150.62	
0.736643	0.33279	0.797873	0.227897	-0.280812	0.775263	1073.95	369.75	
0.735782	0.362046	0.795201	0.17606	-0.33505	0.713905	1041.74	208.694	
0.762242	0.302472	0.76557	0.107264	-0.134493	0.703646	991.777	-41.115	
0.761734	0.33405	0.764564	0.12118	-0.241859	0.65729	1022.07	110.359	
0.761647	0.363605	0.762938	0.116447	-0.347215	0.610842	1019.48	97.4016	
0.757893	0.396283	0.752549	0.0637204	-0.283022	0.355992	1043.53	217.674	
0.799112	0.304227	0.776614	-0.042071	-0.1292	0.904612	1037.18	185.909	
0.800698	0.335245	0.776751	0.00370091	-0.20883	0.925754	1074.1	370.522	
0.8025	0.365115	0.77634	0.0473077	-0.254032	0.893199	1042.37	211.831	
0.798894	0.397631	0.767876	-0.00805544	-0.132844	0.683425	1078.25	391.258	
0.80714	0.304246	0.733684	-0.335427	-0.101433	0.513227	1295.95	1479.76	
0.80752	0.336909	0.732795	-0.328633	-0.16446	0.490021	1330.55	1652.73	
0.80791	0.369041	0.732465	-0.336314	-0.221968	0.506542	1380.05	1900.27	
0.809767	0.400434	0.725786	-0.297463	-0.245824	0.409788	1628.37	3141.85	
