x	y	z	U	V	W	Ro	P	
0.109266	0.103612	1.01066	0.343359	0.143582	0.0841142	2244.78	6223.89	
0.107803	0.102159	1.04413	0.355905	0.160034	0.0268868	2290.33	6451.66	
0.109585	0.102862	1.07794	0.375494	0.141447	0.105159	2242.69	6213.46	
0.109106	0.102753	1.11043	0.346842	0.133447	0.13712	2260.38	6301.9	
0.112713	0.135659	1.0103	0.378051	0.107136	0.092221	1770.6	3853.02	
0.114002	0.137007	1.04471	0.49001	0.0866586	0.0669619	1689.19	3445.93	
0.114673	0.136987	1.07751	0.476677	0.102917	0.0847376	1669.75	3348.74	
0.114758	0.137686	1.11041	0.469583	0.114273	0.125382	1683.11	3415.56	
0.110217	0.102903	1.14222	0.362228	0.140252	0.148647	2228.1	6140.5	
0.110205	0.103538	1.17431	0.374535	0.149324	0.103234	2194.68	5973.42	
0.11056	0.103601	1.20689	0.388799	0.154697	0.0613797	2172.2	5860.98	
0.110651	0.103777	1.24008	0.395264	0.162778	0.0229711	2157.37	5786.87	
0.110624	0.10385	1.27367	0.386524	0.160577	-0.00397399	2145.04	5725.18	
0.115825	0.136952	1.14246	0.471174	0.109522	0.158399	1655.83	3279.16	
0.115122	0.137666	1.17452	0.456236	0.128186	0.110966	1652.07	3260.36	
0.115726	0.137747	1.20707	0.479052	0.134613	0.0689229	1622.11	3110.56	
0.115961	0.137832	1.23997	0.490018	0.139796	0.0247771	1601.19	3005.96	
0.116264	0.138032	1.27371	0.498114	0.144372	0.0152936	1581.82	2909.09	
0.111982	0.104846	1.30763	0.40903	0.195991	0.0197989	2071.39	5356.95	
0.111587	0.105098	1.34344	0.428069	0.214544	0.0659372	2029.22	5146.1	
0.112899	0.106725	1.38335	0.466228	0.268807	0.256235	1879.78	4398.9	
0.115798	0.110109	1.428	0.501389	0.324512	0.462464	1600.59	3002.94	
0.117859	0.138773	1.30811	0.519217	0.18394	0.0607025	1507.98	2539.92	
0.117169	0.138886	1.34487	0.527417	0.183297	0.13747	1452.13	2260.66	
0.118615	0.140204	1.38662	0.5573	0.236824	0.366357	1318.19	1590.95	
0.121106	0.144083	1.43267	0.558638	0.34764	0.56435	1140.89	704.472	
0.11763	0.111761	1.47587	0.461976	0.315491	0.505647	1402.62	2013.12	
0.120732	0.116223	1.52861	0.382185	0.276793	0.482219	1072.31	361.531	
0.12221	0.145727	1.48351	0.499221	0.401723	0.622378	1027.92	139.618	
0.115641	0.167939	1.01088	0.435812	0.0645626	0.110058	1657.3	3286.5	
0.11645	0.170807	1.04467	0.540645	0.0515658	0.0841727	1579.97	2899.83	
0.117903	0.170507	1.07808	0.548544	0.0691163	0.0899726	1548.56	2742.78	
0.117548	0.171209	1.11106	0.519744	0.0934812	0.126238	1563.15	2815.73	
0.115022	0.200468	1.0111	0.459286	-0.0518053	0.13456	1645.38	3226.89	
0.11624	0.204342	1.04443	0.560472	-0.0343837	0.0818185	1565.82	2829.1	
0.116957	0.203449	1.07769	0.550293	-0.0341903	0.0831823	1545.46	2727.29	
0.117212	0.204719	1.11056	0.544804	0.00476383	0.123029	1549.06	2745.3	
0.115718	0.234594	1.01121	0.488997	-0.0928501	0.145192	1628.55	3142.73	
0.116615	0.23882	1.04429	0.582004	-0.0634472	0.0791055	1554.02	2770.1	
0.117641	0.237827	1.07761	0.581516	-0.0673741	0.0829045	1528.77	2643.86	
0.117788	0.239089	1.11053	0.570472	-0.0257002	0.118596	1531.56	2657.81	
0.115609	0.268926	1.0111	0.480911	-0.107417	0.144964	1630.3	3151.52	
0.11661	0.273486	1.04428	0.578479	-0.0688991	0.0799435	1552.48	2762.39	
0.117615	0.272431	1.07754	0.57641	-0.0727044	0.0806754	1525.69	2628.47	
0.117543	0.273503	1.11046	0.560403	-0.0331375	0.116448	1534.39	2671.96	
0.118343	0.170064	1.14375	0.505638	0.0815849	0.166166	1547.01	2735.07	
0.118433	0.170932	1.17555	0.521599	0.110085	0.13632	1537.91	2689.56	
0.119064	0.170874	1.20769	0.54122	0.112557	0.0872611	1506.02	2530.1	
0.119423	0.170786	1.24034	0.556256	0.110499	0.0352693	1483.54	2417.7	
0.119442	0.170983	1.27381	0.552949	0.112028	0.0169374	1460.12	2300.61	
0.117703	0.202664	1.14322	0.51425	-0.0229037	0.162244	1532.66	2663.3	
0.117542	0.203825	1.17523	0.527487	0.00992409	0.130005	1532.52	2662.59	
0.118291	0.203547	1.2076	0.549227	0.00602767	0.0858569	1496.32	2481.58	
0.118562	0.203378	1.24025	0.561719	0.00149015	0.0336621	1474.54	2372.7	
0.119175	0.203532	1.27383	0.581385	0.00111484	0.0244951	1440.53	2202.67	
0.118563	0.236632	1.14336	0.550584	-0.0701528	0.16588	1506.82	2534.09	
0.118423	0.237724	1.17517	0.561703	-0.0382148	0.12832	1505.34	2526.71	
0.119144	0.237393	1.20757	0.585683	-0.0448281	0.0840328	1470.8	2354	
0.119441	0.237221	1.24026	0.598865	-0.0509834	0.0338952	1447.83	2239.14	
0.120042	0.237344	1.2738	0.615104	-0.0501852	0.019825	1410.73	2053.64	
0.118647	0.271167	1.14337	0.560516	-0.083298	0.16679	1504.73	2523.65	
0.118306	0.271859	1.17523	0.553682	-0.0588343	0.130197	1501.44	2507.19	
0.119003	0.271562	1.20764	0.577618	-0.0660263	0.0874385	1467.35	2336.74	
0.119349	0.271368	1.24034	0.592719	-0.0730647	0.0364466	1443.78	2218.9	
0.119913	0.271494	1.274	0.609312	-0.070173	0.0246565	1406.49	2032.43	
0.120336	0.171325	1.3091	0.551102	0.122551	0.0848746	1397.05	1985.24	
0.120908	0.170763	1.34682	0.598009	0.11934	0.207193	1320.35	1601.77	
0.122538	0.171436	1.38956	0.622354	0.158246	0.435601	1183.86	919.297	
0.120385	0.203236	1.30922	0.57835	0.00109186	0.102259	1367.5	1837.48	
0.120335	0.202397	1.34703	0.616492	-0.0207909	0.217788	1299.29	1496.44	
0.122109	0.202407	1.38974	0.646366	0.0137168	0.442338	1153.4	767.008	
0.121241	0.236402	1.30941	0.614065	-0.0745787	0.108044	1336.23	1681.14	
0.1214	0.235575	1.34718	0.654616	-0.0921011	0.222555	1262.65	1313.25	
0.123231	0.235197	1.38985	0.688132	-0.0767338	0.453394	1115.43	577.153	
0.12128	0.270308	1.3096	0.623873	-0.0998542	0.106644	1329.8	1649	
0.121344	0.269423	1.34736	0.650612	-0.128658	0.227546	1254.19	1270.94	
0.123189	0.268772	1.38995	0.688219	-0.124439	0.457969	1107.26	536.301	
0.124266	0.151507	1.53759	0.468586	0.393726	0.57496	891.135	-544.325	
0.124487	0.174362	1.43684	0.602524	0.259015	0.614258	1037.32	186.58	
0.125054	0.204942	1.43599	0.643001	0.0927111	0.624803	994.375	-28.1233	
0.126135	0.236805	1.43653	0.68363	-0.0298148	0.637419	956.552	-217.241	
0.126046	0.269686	1.43634	0.69315	-0.0846153	0.640146	953.818	-230.911	
0.126279	0.174867	1.48628	0.564218	0.324507	0.642322	959.519	-202.404	
0.128183	0.179808	1.53804	0.546946	0.263465	0.595866	869.47	-652.649	
0.127344	0.204348	1.48578	0.60888	0.196876	0.639341	916.759	-416.205	
0.129753	0.209593	1.53761	0.594003	0.177078	0.5637	838.443	-807.784	
0.12894	0.234676	1.48628	0.656241	0.0595582	0.639292	875.772	-621.141	
0.131562	0.239318	1.53735	0.648359	0.0508467	0.540396	816.171	-919.144	
0.129353	0.26656	1.48619	0.67728	-0.0394355	0.65209	864.166	-679.171	
0.132281	0.270295	1.5375	0.67756	-0.0447374	0.538053	812.311	-938.447	
0.117202	0.303562	1.01119	0.488137	-0.0596062	0.139833	1585.35	2926.76	
0.117176	0.308168	1.04421	0.571841	-0.0389387	0.0776571	1531.84	2659.18	
0.11862	0.307157	1.07795	0.579272	-0.0424099	0.0872535	1498.38	2491.92	
0.118245	0.30762	1.1113	0.548941	-0.0235574	0.131658	1511.89	2559.44	
0.114754	0.337704	1.01112	0.454999	-0.124025	0.140706	1657.14	3285.68	
0.11551	0.342344	1.04411	0.541989	-0.0833852	0.0739291	1597.86	2989.28	
0.116359	0.340992	1.07772	0.538867	-0.100081	0.0843083	1574.83	2874.15	
0.116611	0.342062	1.11046	0.532658	-0.0625504	0.114388	1577.67	2888.37	
0.112924	0.371745	1.01067	0.395665	-0.198857	0.128039	1754.45	3772.27	
0.113033	0.376222	1.04394	0.468728	-0.159521	0.0589526	1713.24	3566.19	
0.113979	0.374877	1.07734	0.470244	-0.180321	0.079265	1684.25	3421.27	
0.114258	0.375893	1.11031	0.467068	-0.134436	0.110016	1689.83	3449.15	
0.108816	0.405285	1.00987	0.313809	-0.237419	0.0770144	2178.4	5892.01	
0.105683	0.410585	1.04209	0.277236	-0.242861	0.00302345	2349.4	6747.01	
0.107414	0.408504	1.0767	0.298884	-0.241106	0.0723592	2283.13	6415.63	
0.10727	0.410252	1.10959	0.284994	-0.173966	0.104934	2311.6	6557.99	
0.119533	0.305701	1.14416	0.545727	-0.0685427	0.183726	1481.88	2409.39	
0.11933	0.306329	1.17577	0.550103	-0.0407075	0.144963	1479.33	2396.65	
0.120134	0.305958	1.20795	0.575708	-0.0497022	0.0978022	1442.61	2213.05	
0.120505	0.305724	1.24056	0.591982	-0.0565875	0.0454907	1417.43	2087.13	
0.120761	0.305397	1.27449	0.596082	-0.0695706	0.0429639	1383.23	1916.14	
0.117435	0.339414	1.14355	0.516332	-0.130624	0.180664	1550.81	2754.04	
0.117039	0.340244	1.17533	0.520451	-0.0962959	0.134425	1554.41	2772.03	
0.117821	0.33973	1.20776	0.546573	-0.110781	0.0918566	1518.03	2590.14	
0.118194	0.339323	1.24048	0.563156	-0.124546	0.0415354	1492.45	2462.23	
0.11883	0.339161	1.27379	0.580599	-0.133355	0.0177981	1452.75	2263.75	
0.115472	0.373009	1.14325	0.471961	-0.214383	0.178665	1645.7	3228.48	
0.114579	0.3737	1.17495	0.456099	-0.181984	0.121489	1657.59	3287.95	
0.115343	0.373139	1.20756	0.483546	-0.201673	0.0851352	1623.77	3118.87	
0.115592	0.372765	1.24038	0.495158	-0.215408	0.0377282	1602.5	3012.5	
0.116217	0.372706	1.2737	0.511124	-0.216234	0.00953447	1564.92	2824.6	
0.108831	0.407651	1.14239	0.323898	-0.245386	0.147392	2221.81	6109.05	
0.108461	0.407895	1.17448	0.310118	-0.221473	0.102969	2205.6	6028	
0.108923	0.40742	1.20732	0.330405	-0.238936	0.0742677	2175.35	5876.73	
0.109105	0.407046	1.24049	0.339102	-0.252476	0.0382728	2152.06	5760.28	
0.10966	0.407153	1.27397	0.356057	-0.242815	0.00815486	2117.11	5585.55	
0.122401	0.30446	1.31003	0.613004	-0.110212	0.125946	1303.14	1515.7	
0.122501	0.303291	1.34771	0.646083	-0.130254	0.238623	1231.97	1159.84	
0.124403	0.302108	1.39087	0.67712	-0.146254	0.468837	1085.64	428.205	
0.120123	0.337476	1.30959	0.579927	-0.204436	0.120223	1379.84	1899.18	
0.120228	0.336156	1.34705	0.625692	-0.229207	0.214152	1305.79	1528.94	
0.12214	0.334394	1.38949	0.662315	-0.253358	0.431346	1160.68	803.398	
0.117966	0.37061	1.30924	0.532256	-0.297394	0.107075	1476.37	2381.86	
0.117537	0.369055	1.34597	0.55994	-0.336604	0.168988	1422.6	2113	
0.119421	0.366768	1.3875	0.602754	-0.387193	0.374725	1279.23	1396.17	
0.111281	0.404867	1.30891	0.39716	-0.329245	0.0660031	2004.91	5024.55	
0.111236	0.403694	1.34504	0.419477	-0.361968	0.116949	1927.21	4636.04	
0.112982	0.401441	1.38442	0.473748	-0.410931	0.26988	1747.7	3738.49	
0.115789	0.399964	1.42833	0.508732	-0.404899	0.460474	1508.3	2541.51	
0.127175	0.301938	1.43818	0.675286	-0.134097	0.63729	937.516	-312.419	
0.125002	0.333541	1.43615	0.659706	-0.287118	0.63655	1001.25	6.24348	
0.122031	0.364474	1.43368	0.602375	-0.458341	0.585336	1100.41	502.045	
0.130235	0.297633	1.48768	0.670099	-0.146622	0.64767	872.266	-638.669	
0.132355	0.300497	1.53818	0.66295	-0.169337	0.543669	820.636	-896.821	
0.127781	0.328655	1.48636	0.637839	-0.276561	0.652196	901.745	-491.275	
0.130065	0.331404	1.53842	0.624333	-0.233877	0.58223	840.95	-795.25	
0.12524	0.358913	1.48461	0.599413	-0.405623	0.645107	942.578	-287.109	
0.127304	0.360042	1.53846	0.574298	-0.368002	0.521922	837.363	-813.183	
0.119776	0.394818	1.47567	0.5135	-0.350293	0.527371	1148.79	743.968	
0.122295	0.39351	1.52516	0.454804	-0.275803	0.457469	964.102	-179.492	
0.154924	0.107024	1.01159	0.602353	0.128145	0.0977526	1709.17	3545.86	
0.159619	0.106593	1.04499	0.660469	0.168461	0.0543545	1641.69	3208.43	
0.159222	0.106557	1.07755	0.646472	0.137179	0.0757089	1653.98	3269.92	
0.159941	0.106456	1.1104	0.651587	0.131046	0.100445	1675.02	3375.08	
0.159837	0.139324	1.01182	0.706764	0.145372	0.0805863	1395.16	1975.78	
0.16767	0.14099	1.0475	0.870845	0.155208	0.0950746	1320.1	1600.51	
0.167512	0.14081	1.07965	0.851443	0.138435	0.106387	1336.16	1680.78	
0.169203	0.140978	1.11224	0.878919	0.134858	0.121821	1349.99	1749.96	
0.204191	0.10838	1.01136	0.647297	0.0771627	0.0276708	1526.36	2631.82	
0.214599	0.107867	1.04322	0.777463	0.118283	-0.0226936	1487.02	2435.11	
0.212213	0.107329	1.07537	0.718998	0.0815328	-0.00200293	1517.77	2588.87	
0.210968	0.107031	1.1085	0.673003	0.0773204	0.0934468	1550.38	2751.91	
0.208109	0.14136	1.01177	0.727588	0.186205	0.0177994	1286.67	1433.36	
0.223063	0.142884	1.04564	0.948255	0.164386	-0.0112148	1265.41	1327.03	
0.221107	0.141957	1.0778	0.899541	0.13276	0.0280667	1281.31	1406.55	
0.223539	0.14176	1.11077	0.942714	0.111928	0.0996386	1299.59	1497.97	
0.255836	0.112235	0.996498	0.550841	0.143931	-0.266286	1175.16	875.793	
0.268224	0.109276	1.03772	0.669701	0.0908864	-0.221026	1384.03	1920.14	
0.270819	0.107427	1.07365	0.762951	0.0251385	-0.0498206	1408.1	2040.49	
0.26673	0.107658	1.10689	0.648236	0.00553698	0.0240166	1433.38	2166.91	
0.260774	0.143852	1.00334	0.750186	0.179727	-0.196682	1045.25	226.26	
0.278198	0.142446	1.04408	0.90977	0.0585006	-0.143485	1230.46	1152.32	
0.280182	0.141046	1.07775	0.977344	0.00261252	-0.019429	1213.17	1065.83	
0.283321	0.140846	1.11019	1.04801	-0.0417088	0.0577856	1245.49	1227.46	
0.161212	0.106525	1.14193	0.673878	0.129617	0.094741	1673.68	3368.38	
0.161164	0.106747	1.17437	0.677384	0.116775	0.100661	1643.83	3219.16	
0.161342	0.107183	1.20649	0.694297	0.133628	0.05174	1614.43	3072.17	
0.161446	0.107564	1.2393	0.704155	0.148951	0.0090228	1586.6	2933.02	
0.161289	0.107847	1.2729	0.706522	0.154993	-0.0291065	1570.91	2854.54	
0.170257	0.140524	1.14358	0.88796	0.118774	0.133106	1362.45	1812.24	
0.169361	0.140995	1.17512	0.858807	0.126319	0.12172	1357.65	1788.24	
0.169998	0.141396	1.20678	0.887412	0.143412	0.0693954	1336.62	1683.1	
0.17051	0.14178	1.2392	0.910765	0.160781	0.0185211	1305.99	1529.95	
0.171273	0.142103	1.27317	0.941385	0.183229	-0.00157375	1277.95	1389.75	
0.214927	0.107547	1.14008	0.754516	0.0546623	0.0847673	1524.56	2622.81	
0.213922	0.107138	1.17204	0.759238	0.0284983	0.0753279	1513.2	2565.98	
0.214747	0.107874	1.20415	0.783749	0.0467531	0.0228995	1475.66	2378.28	
0.214713	0.108456	1.23647	0.788607	0.0710234	-0.0292994	1439.2	2196.02	
0.21277	0.109012	1.27058	0.734225	0.107187	-0.00277858	1415.85	2079.25	
0.225941	0.141569	1.14179	0.980816	0.0938591	0.109633	1318.37	1591.85	
0.223711	0.141625	1.17295	0.93578	0.0872393	0.089788	1321.24	1606.21	
0.224692	0.142323	1.20441	0.967056	0.105151	0.0419236	1301.11	1505.57	
0.22514	0.142983	1.23659	0.986611	0.131019	-0.00386298	1262.9	1314.5	
0.225789	0.143555	1.27107	1.00571	0.167671	0.0132029	1224.75	1123.74	
0.271067	0.107543	1.1388	0.75061	-0.0239508	0.0729776	1436.19	2180.94	
0.27115	0.107437	1.17093	0.762203	-0.0405508	0.0829742	1416.61	2083.06	
0.271184	0.108377	1.20285	0.768984	-0.0191665	0.0474963	1370.2	1851	
0.271922	0.109243	1.23571	0.788596	0.0102731	0.00957931	1316.68	1583.41	
0.26879	0.110283	1.26956	0.72943	0.0494917	-0.0144176	1272.67	1363.34	
0.285564	0.140695	1.14145	1.0851	-0.0707072	0.104914	1267.44	1337.22	
0.282606	0.14111	1.17183	1.00933	-0.0542063	0.0906525	1275.36	1376.78	
0.283775	0.141972	1.20323	1.04996	-0.0335719	0.0541681	1245.64	1228.21	
0.284514	0.142987	1.23531	1.06987	4.91364e-05	-0.00118142	1201.76	1008.78	
0.285978	0.143759	1.26965	1.1149	0.033684	-0.00493072	1145.37	726.846	
0.163386	0.108874	1.30734	0.744755	0.194537	0.000603471	1512.37	2561.87	
0.162162	0.109681	1.34489	0.718685	0.23203	0.1399	1431.36	2156.79	
0.162231	0.111765	1.38602	0.739266	0.286344	0.346911	1291.23	1456.15	
0.173238	0.144488	1.34822	1.00179	0.272928	0.27736	1142.97	714.844	
0.172728	0.146683	1.39139	0.983328	0.350512	0.503117	1047.03	235.17	
0.172523	0.14268	1.30973	0.939159	0.211145	0.117865	1225.54	1127.72	
0.216536	0.110694	1.30561	0.806252	0.136854	0.0415266	1324.51	1622.54	
0.21438	0.111423	1.34418	0.780404	0.179933	0.181129	1241.82	1209.12	
0.213278	0.11402	1.38606	0.74813	0.23475	0.360548	1105.12	525.585	
0.211162	0.116671	1.43039	0.72639	0.256978	0.477624	1003.17	15.8284	
0.227842	0.145227	1.30709	1.04418	0.215552	0.0993513	1162.02	810.09	
0.225977	0.146548	1.34717	1.0251	0.271158	0.279729	1080.16	400.818	
0.272276	0.111772	1.30491	0.785686	0.0918203	0.0628944	1201.39	1006.97	
0.270319	0.112937	1.34367	0.746026	0.149025	0.199081	1111.5	557.486	
0.267841	0.115826	1.38543	0.689477	0.211527	0.375278	989.062	-54.6887	
0.263418	0.119295	1.42821	0.609793	0.25407	0.436926	873.049	-634.755	
0.286705	0.14592	1.30673	1.10911	0.104397	0.106604	1085.5	427.508	
0.163994	0.11432	1.43141	0.770115	0.308168	0.516688	1136.75	683.726	
0.16454	0.115822	1.48051	0.753321	0.291895	0.528444	1038.37	191.861	
0.166444	0.118572	1.53381	0.643665	0.284675	0.527705	912.009	-439.957	
0.209509	0.117977	1.47697	0.724025	0.215944	0.477637	962.92	-185.402	
0.208153	0.120256	1.52872	0.622304	0.234899	0.468159	911.763	-441.184	
0.256388	0.121958	1.4735	0.536389	0.252679	0.4476	862.235	-688.825	
0.248621	0.125295	1.51749	0.512672	0.30549	0.362474	881.784	-591.082	
0.165285	0.170363	1.01253	0.806946	0.0790367	0.0971382	1346.86	1734.32	
0.16451	0.201997	1.01274	0.800262	0.0107856	0.104045	1304.48	1522.4	
0.165152	0.234675	1.01314	0.832525	-0.0517255	0.11994	1270.39	1351.95	
0.165501	0.26851	1.01326	0.845983	-0.106029	0.127339	1259.21	1296.04	
0.173215	0.172028	1.04748	0.960624	0.064885	0.0970071	1296.74	1483.7	
0.173733	0.172561	1.07968	0.968112	0.0687158	0.0901109	1319.84	1599.2	
0.174617	0.172801	1.11213	0.957276	0.0794337	0.0970526	1335.38	1676.9	
0.172025	0.203719	1.04784	0.929541	-0.0242081	0.11101	1269.91	1349.57	
0.172111	0.204296	1.07978	0.923733	-0.00866287	0.092159	1294.96	1474.79	
0.173722	0.205237	1.1122	0.9372	0.022496	0.102359	1307.85	1539.25	
0.172658	0.236414	1.04791	0.962021	-0.0970758	0.116764	1239.52	1197.58	
0.17293	0.237129	1.0797	0.960903	-0.0745578	0.0914216	1265.56	1327.78	
0.174469	0.23803	1.11225	0.971135	-0.0441667	0.106807	1278.07	1390.35	
0.173281	0.270125	1.04765	0.986206	-0.148574	0.111453	1233.81	1169.05	
0.173407	0.270645	1.07956	0.974013	-0.13414	0.0892388	1258.7	1293.48	
0.174611	0.271207	1.11207	0.977561	-0.113927	0.104967	1271.38	1356.89	
0.216943	0.171072	1.0111	0.911985	0.11188	-0.0527866	1258.12	1290.61	
0.23205	0.172888	1.04433	1.13227	0.0908027	-0.0642136	1280.19	1400.94	
0.23222	0.172253	1.07763	1.15374	0.0610578	0.00129246	1300.03	1500.16	
0.2305	0.172525	1.11066	1.07372	0.0703712	0.0624633	1332.45	1662.23	
0.215477	0.201298	1.012	0.889767	0.0323565	-0.0277416	1223.17	1115.85	
0.229432	0.203452	1.04488	1.06741	0.00753893	-0.0486488	1274.01	1370.07	
0.229322	0.202601	1.07767	1.07227	-0.0222444	0.00439484	1287.7	1438.49	
0.229475	0.203999	1.1107	1.04965	0.0153035	0.0740862	1313.96	1569.79	
0.216267	0.232652	1.01257	0.902718	-0.0540107	-0.0110517	1181.57	907.867	
0.230213	0.234901	1.04512	1.07603	-0.0712352	-0.0383706	1238.26	1191.3	
0.230732	0.23432	1.07793	1.10617	-0.0912327	0.0152788	1248.74	1243.69	
0.230734	0.235598	1.11091	1.08263	-0.0565337	0.0832322	1276.91	1384.57	
0.215522	0.265477	1.01313	0.882268	-0.103323	0.0171566	1166.47	832.354	
0.22903	0.26744	1.04559	1.05245	-0.136737	-0.0209014	1235.93	1179.67	
0.22886	0.267057	1.07823	1.05863	-0.15041	0.025218	1247.53	1237.67	
0.229151	0.268037	1.11117	1.03434	-0.127296	0.0889634	1274.99	1374.97	
0.26828	0.172294	1.00019	0.78195	0.075282	-0.24268	1045.62	228.113	
0.288341	0.171989	1.04316	1.07546	-0.00993235	-0.127971	1273.64	1368.19	
0.294926	0.171108	1.07758	1.29086	-0.0614713	-0.0414862	1243.39	1216.95	
0.28907	0.171403	1.10939	1.10423	-0.0694003	-0.00313667	1318.8	1594.01	
0.268455	0.202268	1.00261	0.803369	0.0384177	-0.212681	1029	145.013	
0.285437	0.201609	1.04416	1.00362	-0.0586917	-0.113813	1265.76	1328.82	
0.290234	0.200986	1.07777	1.14698	-0.111112	-0.0504024	1277.59	1387.97	
0.288545	0.202941	1.10971	1.08683	-0.0737889	-0.00267877	1316.32	1581.6	
0.269204	0.232229	1.00389	0.785367	-0.0488435	-0.186171	1034.76	173.821	
0.286849	0.232376	1.0453	1.02595	-0.127069	-0.0884603	1267.49	1337.45	
0.291933	0.23225	1.07823	1.18177	-0.160341	-0.0329383	1266.17	1330.83	
0.290364	0.233859	1.11015	1.12671	-0.131268	0.0138924	1309.9	1549.52	
0.2682	0.262502	1.00597	0.796492	-0.141832	-0.163155	1031.94	159.679	
0.283987	0.262972	1.04562	0.961832	-0.246347	-0.0929384	1260.95	1304.73	
0.288221	0.262909	1.07861	1.08193	-0.271767	-0.0224192	1280.57	1402.87	
0.286401	0.264152	1.11017	1.00487	-0.244722	0.02465	1316.08	1580.42	
0.176392	0.172115	1.14373	0.977084	0.0803544	0.107568	1350.78	1753.89	
0.176229	0.17261	1.17557	0.978216	0.0846432	0.11857	1353.52	1767.59	
0.17677	0.172681	1.20709	1.0014	0.0949537	0.0781674	1336.06	1680.29	
0.177255	0.172679	1.23933	1.02315	0.0992834	0.0263614	1304.96	1524.8	
0.177363	0.172782	1.27299	1.02858	0.100978	0.00720276	1267.49	1337.47	
0.174354	0.203493	1.14394	0.911925	0.0082334	0.113943	1323.99	1619.96	
0.174288	0.204068	1.17578	0.919458	0.0148337	0.125184	1327.3	1636.5	
0.175028	0.20403	1.20738	0.948483	0.0251318	0.088186	1310.32	1551.61	
0.17577	0.203917	1.23953	0.980567	0.0257289	0.0381118	1277.25	1386.27	
0.176828	0.204188	1.27307	1.0211	0.0342621	0.0167469	1235.19	1175.95	
0.175388	0.235956	1.14404	0.95757	-0.0620648	0.118827	1291.04	1455.2	
0.175504	0.236429	1.17575	0.967279	-0.053846	0.126536	1295.16	1475.82	
0.176136	0.236252	1.20736	0.992836	-0.0480967	0.0878082	1277.14	1385.71	
0.176883	0.236065	1.23949	1.02553	-0.0517935	0.0381282	1244.06	1220.29	
0.177881	0.236186	1.27315	1.06325	-0.0528122	0.0239983	1198.67	993.355	
0.176507	0.268971	1.14418	0.998121	-0.153858	0.130852	1282.16	1410.8	
0.175784	0.269085	1.17574	0.97918	-0.143066	0.128635	1284.23	1421.14	
0.176626	0.268898	1.20737	1.01126	-0.141043	0.0890874	1264	1320	
0.17741	0.268682	1.23956	1.04599	-0.146735	0.0395092	1230.15	1150.76	
0.178414	0.268727	1.27325	1.08406	-0.147889	0.0266687	1183.85	919.239	
0.235492	0.172254	1.14218	1.17726	0.0625687	0.0793307	1353.6	1768	
0.234592	0.171991	1.17321	1.17973	0.0555473	0.080579	1363.04	1815.19	
0.235726	0.172456	1.20452	1.21431	0.0724522	0.0474595	1343.52	1717.58	
0.235968	0.172674	1.23658	1.22611	0.0870468	0.0112007	1298.61	1493.04	
0.234147	0.173185	1.27092	1.17211	0.114738	0.0324496	1254.32	1271.59	
0.232304	0.202694	1.14227	1.07545	-0.00313754	0.0861546	1346.17	1730.84	
0.232045	0.202503	1.17369	1.08997	-0.00373259	0.0995582	1354.72	1773.58	
0.23315	0.20283	1.20504	1.12497	0.0120639	0.0700708	1335.6	1677.99	
0.233856	0.202969	1.23696	1.15708	0.024308	0.0362769	1287.72	1438.61	
0.233599	0.203712	1.27124	1.1565	0.0563384	0.0582839	1231.11	1155.55	
0.233788	0.233925	1.14264	1.11331	-0.0641762	0.098885	1306.88	1534.42	
0.233431	0.233731	1.17387	1.12504	-0.0645907	0.10695	1318.25	1591.26	
0.234608	0.233995	1.20517	1.1602	-0.0508466	0.077859	1298.09	1490.47	
0.235293	0.233985	1.23715	1.19103	-0.0486047	0.0472905	1249.12	1245.58	
0.234917	0.234362	1.27148	1.19008	-0.0375647	0.0723643	1190.86	954.302	
0.233667	0.265875	1.14295	1.11694	-0.151387	0.110642	1304.34	1521.69	
0.232016	0.265596	1.17387	1.08346	-0.148797	0.107907	1313.99	1569.94	
0.2333	0.265711	1.20526	1.12432	-0.140318	0.080089	1291.56	1457.79	
0.234075	0.265656	1.23723	1.16016	-0.140682	0.0469965	1241.52	1207.58	
0.234076	0.26595	1.27164	1.16933	-0.138584	0.0726199	1179.96	899.819	
0.294558	0.171367	1.14088	1.23629	-0.0717481	0.0490591	1331.58	1657.92	
0.295888	0.171207	1.17207	1.29035	-0.0708089	0.0765553	1336.25	1681.25	
0.296221	0.171637	1.20299	1.29997	-0.0537797	0.048694	1314.28	1571.42	
0.296884	0.172338	1.23521	1.31489	-0.0256087	0.013374	1264.52	1322.61	
0.293289	0.173056	1.26924	1.22278	-0.00300585	0.0116782	1216.15	1080.77	
0.29173	0.201608	1.14149	1.13516	-0.105993	0.0505317	1347.98	1739.9	
0.292507	0.201183	1.17278	1.16747	-0.106745	0.0918106	1361.36	1806.82	
0.293517	0.2016	1.20383	1.19722	-0.0833977	0.0754108	1339.09	1695.43	
0.294573	0.202277	1.23573	1.22704	-0.0561453	0.0396134	1287.24	1436.18	
0.293818	0.203671	1.26962	1.22603	-0.00922691	0.0291526	1214.69	1073.43	
0.293271	0.231952	1.1422	1.16131	-0.166841	0.0713192	1340.05	1700.24	
0.294108	0.231871	1.17318	1.1974	-0.152947	0.104313	1354.55	1772.75	
0.294969	0.232126	1.20411	1.22267	-0.132292	0.0843233	1330.27	1651.33	
0.295905	0.232552	1.23603	1.24899	-0.113081	0.0506747	1279.22	1396.09	
0.295131	0.233489	1.27002	1.24737	-0.0883719	0.0434913	1203.62	1018.1	
0.292778	0.262117	1.14234	1.15113	-0.283941	0.0921368	1351.59	1757.96	
0.290855	0.261657	1.173	1.08894	-0.277542	0.106018	1365.72	1828.62	
0.292415	0.261866	1.20422	1.14027	-0.260206	0.0918466	1337.14	1685.7	
0.293793	0.262257	1.23609	1.18573	-0.246968	0.0529071	1284.07	1420.37	
0.293282	0.262974	1.26984	1.19985	-0.228934	0.0403225	1204.25	1021.26	
0.224926	0.149304	1.39124	0.991894	0.331544	0.479361	1009.25	46.2415	
0.283763	0.147911	1.34672	1.05683	0.19031	0.291191	1005.8	29.0177	
0.28089	0.150822	1.39106	0.970562	0.249878	0.501643	949.889	-250.555	
0.179215	0.173366	1.30899	1.04824	0.129242	0.0926213	1201.51	1007.57	
0.178426	0.173946	1.3495	1.04595	0.16241	0.317143	1120.27	601.339	
0.17899	0.175652	1.39472	1.06247	0.240213	0.567367	1033.59	167.939	
0.1785	0.204066	1.30979	1.03281	0.039136	0.124704	1163.05	815.243	
0.178404	0.204022	1.35039	1.06631	0.0592725	0.341386	1072.23	361.136	
0.179748	0.205078	1.3952	1.10811	0.129226	0.572523	992.516	-37.4189	
0.179628	0.235551	1.31014	1.08023	-0.0614707	0.139036	1124.93	624.668	
0.179673	0.235082	1.35069	1.11368	-0.0521228	0.352813	1036.37	181.852	
0.18105	0.235649	1.39538	1.15772	-0.00136571	0.584662	958.247	-208.766	
0.180522	0.267758	1.31032	1.11919	-0.172995	0.141502	1109.93	549.638	
0.180449	0.267083	1.35078	1.14778	-0.172656	0.355245	1020.75	103.769	
0.181878	0.267226	1.39533	1.19145	-0.136857	0.583996	942.469	-287.655	
0.236982	0.174608	1.30815	1.20665	0.14843	0.154489	1175.56	877.785	
0.234888	0.175011	1.34935	1.17859	0.190951	0.353515	1088.45	442.239	
0.232499	0.177096	1.39424	1.10434	0.252374	0.541918	1028.09	140.443	
0.235832	0.204442	1.30882	1.18322	0.0785829	0.189219	1152.12	760.611	
0.23453	0.204821	1.35042	1.17906	0.128142	0.386517	1057.35	286.748	
0.232745	0.206726	1.39522	1.12314	0.196481	0.56308	1000.64	3.18461	
0.237162	0.234474	1.3093	1.21344	-0.0252529	0.205009	1111.88	559.404	
0.235642	0.234508	1.35089	1.20078	0.0115142	0.400921	1023.28	116.415	
0.233695	0.23605	1.39567	1.13458	0.0654567	0.581002	973.599	-132.003	
0.23692	0.265341	1.30954	1.21925	-0.139541	0.197694	1103.68	518.405	
0.235434	0.265324	1.35095	1.20734	-0.117914	0.397573	1019.08	95.3886	
0.2338	0.266189	1.3956	1.14831	-0.0859763	0.573739	970.075	-149.626	
0.295702	0.174966	1.30703	1.24108	0.0539015	0.158779	1127.46	637.293	
0.293324	0.175942	1.34899	1.18689	0.11697	0.364219	1032.61	163.03	
0.2888	0.178235	1.39457	1.07145	0.173936	0.567946	985.043	-74.7844	
0.295062	0.204646	1.30822	1.22157	0.0218576	0.194102	1129.76	648.822	
0.293312	0.205548	1.35026	1.19811	0.0907709	0.399371	1029.56	147.807	
0.289559	0.208083	1.39609	1.10505	0.162684	0.602567	985.576	-72.1203	
0.296295	0.233751	1.30883	1.237	-0.0707013	0.21021	1117.05	585.244	
0.294368	0.234454	1.35078	1.20758	-0.0116095	0.412601	1018.23	91.1692	
0.290291	0.236679	1.39671	1.109	0.0530311	0.622751	982.176	-89.12	
0.29596	0.26283	1.30873	1.24254	-0.215721	0.195091	1120.45	602.239	
0.294012	0.263622	1.35046	1.2179	-0.163059	0.401037	1022.13	110.654	
0.290469	0.265765	1.39638	1.12758	-0.0975669	0.619828	984.072	-79.6407	
0.174936	0.149976	1.43902	0.994727	0.41068	0.656958	977.749	-111.253	
0.174662	0.151042	1.49166	0.895928	0.379488	0.683722	952.61	-236.952	
0.276326	0.153962	1.43494	0.871419	0.248667	0.548262	912.929	-435.353	
0.222807	0.151936	1.43813	0.938959	0.317001	0.602587	994.784	-26.0799	
0.176171	0.154965	1.54472	0.763397	0.350579	0.589909	890.251	-548.746	
0.220468	0.150618	1.48786	0.880707	0.165925	0.620736	1048.8	244.008	
0.180536	0.177749	1.44282	1.0492	0.292172	0.684699	983.855	-80.7226	
0.182344	0.207594	1.44223	1.11707	0.202688	0.68363	952.282	-238.589	
0.183801	0.237517	1.44208	1.1726	0.0587019	0.666151	922.754	-386.228	
0.184127	0.268496	1.44199	1.18792	-0.0879097	0.661784	910.347	-448.264	
0.229415	0.179274	1.4415	1.03719	0.277125	0.639746	1020.91	104.549	
0.229702	0.209505	1.44178	1.05507	0.252827	0.650101	1006.78	33.9237	
0.230349	0.238609	1.44188	1.05642	0.130989	0.640811	991.069	-44.6546	
0.230514	0.267644	1.44165	1.05451	-0.0570698	0.622116	987.55	-62.2478	
0.282493	0.180388	1.43929	0.978217	0.185103	0.611404	943.67	-281.648	
0.283919	0.211056	1.43982	1.02837	0.20412	0.630404	947.721	-261.397	
0.284434	0.239336	1.43974	1.04199	0.10608	0.623964	947.675	-261.624	
0.284687	0.268267	1.4391	1.0401	-0.0440055	0.611251	945.96	-270.199	
0.179899	0.178674	1.49449	0.917932	0.308855	0.710077	976.946	-115.271	
0.181266	0.208295	1.49456	0.943244	0.26089	0.708648	955.473	-222.635	
0.182003	0.237271	1.4946	0.954569	0.125555	0.692491	944.033	-279.835	
0.181693	0.267216	1.49454	0.957634	-0.0474672	0.696299	932.259	-338.705	
0.219623	0.151689	1.54002	0.772552	0.122424	0.638345	992.864	-35.6808	
0.268704	0.151765	1.48399	0.802519	0.0698347	0.576732	969.65	-151.751	
0.179829	0.180697	1.54698	0.773362	0.212392	0.669402	933.954	-330.231	
0.180832	0.211527	1.54625	0.772734	0.204479	0.63971	931.94	-340.3	
0.181251	0.240556	1.54554	0.758923	0.0935007	0.615633	942.55	-287.249	
0.180402	0.270042	1.54601	0.730077	-0.0490617	0.608987	937.019	-314.904	
0.260571	0.151577	1.52672	0.76988	0.0126396	0.531329	971.211	-143.944	
0.226774	0.179985	1.49061	0.947863	0.241632	0.652495	1058.41	292.067	
0.224369	0.181193	1.54363	0.807674	0.161633	0.721127	1012.09	60.469	
0.226967	0.210192	1.49076	0.935406	0.223963	0.654102	1044.42	222.082	
0.22511	0.211821	1.5437	0.817213	0.154547	0.745503	1019.22	96.0811	
0.22717	0.238808	1.49081	0.916572	0.119927	0.634946	1056.71	283.543	
0.224881	0.240647	1.54353	0.789507	0.0733702	0.746737	1043.47	217.342	
0.226588	0.267296	1.49106	0.909577	-0.0528463	0.633421	1060.07	300.333	
0.224549	0.269421	1.54392	0.783478	-0.052849	0.754011	1049.98	249.876	
0.275955	0.181231	1.48755	0.95751	0.141059	0.592265	980.898	-95.5101	
0.267498	0.18087	1.53134	0.904594	0.0944778	0.626677	960.049	-199.756	
0.27758	0.211769	1.48859	1.03222	0.142661	0.597279	997.443	-12.7831	
0.269745	0.212076	1.53234	0.996261	0.0895737	0.687884	978.518	-107.411	
0.277729	0.2403	1.48833	1.05596	0.072463	0.568173	1017.65	88.2661	
0.269939	0.240803	1.53202	1.03532	0.0434449	0.712559	1015.05	75.2622	
0.277155	0.269204	1.48775	1.03476	-0.0385483	0.573278	1025.18	125.913	
0.269387	0.270446	1.53154	1.03417	-0.0279945	0.705868	1035.69	178.443	
0.153999	0.40249	1.01069	0.598035	-0.132613	0.0796105	1599.82	2999.09	
0.156633	0.40572	1.04292	0.607255	-0.178913	0.0323804	1613.9	3069.51	
0.156223	0.405532	1.07636	0.60254	-0.143145	0.0448394	1621.44	3107.22	
0.167404	0.301983	1.01361	0.865683	-0.159833	0.144841	1262.33	1311.64	
0.164677	0.335204	1.01289	0.823671	-0.208698	0.111739	1300.98	1504.92	
0.160101	0.365944	1.01175	0.706049	-0.343046	0.0778537	1357.58	1787.89	
0.16749	0.369387	1.04681	0.869201	-0.323918	0.0818435	1288.98	1444.89	
0.168134	0.370332	1.07956	0.886434	-0.286793	0.104381	1299.51	1497.56	
0.170713	0.371135	1.11315	0.948754	-0.224629	0.15292	1313.46	1567.3	
0.156966	0.403953	1.10972	0.58921	-0.247763	0.076927	1624.19	3120.93	
0.174567	0.303091	1.04816	0.99425	-0.222299	0.129749	1236.11	1180.55	
0.175001	0.304012	1.07989	0.998737	-0.190357	0.0992477	1258.58	1292.89	
0.176188	0.303935	1.11272	0.994273	-0.180641	0.111802	1271.54	1357.7	
0.169794	0.335056	1.04781	0.86559	-0.325992	0.118258	1258.17	1290.83	
0.16956	0.335992	1.07982	0.849072	-0.287219	0.0928648	1274.68	1373.38	
0.171357	0.336614	1.11212	0.868531	-0.256593	0.102835	1280.29	1401.43	
0.292591	0.395325	1.00735	0.67568	-0.107615	-0.0288389	1105.47	527.37	
0.21921	0.297276	1.01286	0.955498	-0.228591	-0.00867577	1166.79	833.971	
0.233324	0.298934	1.04528	1.14535	-0.266475	-0.0389716	1233.06	1165.29	
0.233712	0.298746	1.07834	1.16844	-0.268746	0.0221878	1245.56	1227.79	
0.233157	0.29927	1.11148	1.12826	-0.23428	0.0803333	1277.01	1385.06	
0.216451	0.328572	1.01279	0.941264	-0.336553	-0.00265496	1198.87	994.37	
0.230388	0.330493	1.04529	1.11845	-0.360332	-0.0353454	1252.65	1263.25	
0.230257	0.329835	1.07803	1.11791	-0.370366	0.0163143	1263.45	1317.27	
0.230608	0.331615	1.11059	1.10014	-0.306544	0.0785422	1273.46	1367.28	
0.213592	0.360043	1.01247	0.892804	-0.367017	0.00898885	1213.17	1065.84	
0.226178	0.362284	1.04507	1.04129	-0.366672	-0.0344029	1225.14	1125.68	
0.226048	0.362269	1.07743	1.04295	-0.367176	0.0104244	1230	1149.99	
0.226834	0.364273	1.11023	1.04032	-0.289726	0.0910968	1230.69	1153.47	
0.202996	0.395599	1.01182	0.683707	-0.219456	0.0451859	1294.59	1472.97	
0.210407	0.399346	1.04247	0.754579	-0.231957	-0.0112938	1288.85	1444.23	
0.209739	0.398096	1.07492	0.766039	-0.231615	-0.0155136	1282.73	1413.63	
0.209576	0.400804	1.10844	0.730348	-0.171536	0.0842672	1325.02	1625.09	
0.270785	0.292923	1.00352	0.799648	-0.264918	-0.175995	1024.63	123.172	
0.290137	0.293027	1.0452	1.08205	-0.348484	-0.0759842	1259.91	1299.57	
0.296123	0.293973	1.07849	1.26842	-0.338653	-0.0195984	1253.02	1265.11	
0.292883	0.294619	1.1105	1.16345	-0.3139	0.0220347	1302.43	1512.17	
0.270197	0.324455	1.00445	0.848714	-0.287845	-0.143635	1004.99	24.9488	
0.286923	0.324631	1.04554	1.04684	-0.338482	-0.0660365	1226.06	1130.3	
0.292419	0.326152	1.07853	1.20504	-0.307121	-0.0122994	1221.16	1105.82	
0.290336	0.328286	1.10952	1.1359	-0.247977	0.0136084	1243.09	1215.44	
0.267272	0.356322	1.00487	0.810626	-0.226902	-0.102295	992.891	-35.5462	
0.286144	0.360757	1.0464	1.02463	-0.193449	-0.0416054	1121.47	607.346	
0.290779	0.362451	1.07858	1.15465	-0.157402	0.0231352	1079.34	396.676	
0.290752	0.364337	1.10979	1.15921	-0.0966532	0.0542833	1097.66	488.302	
0.253994	0.393905	1.00317	0.620399	-0.119002	-0.091954	970.106	-149.469	
0.264599	0.396017	1.03955	0.758341	-0.155947	-0.130025	1098.61	493.043	
0.266818	0.396598	1.07433	0.827324	-0.133901	-0.0367795	1095.25	476.263	
0.265674	0.397881	1.10818	0.79475	-0.111388	0.0526732	1129.6	647.982	
0.172549	0.368762	1.14448	0.98309	-0.25501	0.134933	1319.37	1596.84	
0.172137	0.369367	1.17577	0.979347	-0.230678	0.129707	1320.38	1601.88	
0.172746	0.368534	1.20712	1.00492	-0.249618	0.0723074	1298.59	1492.93	
0.173219	0.367978	1.23932	1.02702	-0.270288	0.0227033	1268.25	1341.24	
0.173736	0.367675	1.27351	1.04353	-0.28337	0.023384	1217.42	1087.09	
0.158997	0.402092	1.14282	0.645981	-0.254875	0.11203	1564.71	2823.54	
0.158117	0.402247	1.17497	0.620532	-0.238072	0.110686	1554.71	2773.57	
0.158734	0.401485	1.20736	0.65147	-0.252298	0.0768157	1515.88	2579.41	
0.159156	0.400833	1.23999	0.675751	-0.275653	0.032565	1480.78	2403.9	
0.159842	0.400794	1.27349	0.699182	-0.280735	0.00648206	1437.07	2185.35	
0.177909	0.301578	1.14473	1.00608	-0.23253	0.138803	1284.58	1422.89	
0.177993	0.301978	1.1761	1.01388	-0.220771	0.13498	1290.17	1450.85	
0.178664	0.301569	1.20746	1.04018	-0.225413	0.0920848	1270.67	1353.36	
0.179364	0.301276	1.23962	1.07074	-0.233329	0.0436669	1235.88	1179.41	
0.179984	0.300958	1.2736	1.0963	-0.24525	0.0340584	1189.42	947.107	
0.172535	0.333668	1.14423	0.863575	-0.314236	0.123773	1292.18	1460.89	
0.171842	0.3337	1.17612	0.847505	-0.314374	0.136113	1295.9	1479.52	
0.172711	0.333197	1.20774	0.882397	-0.321133	0.100617	1277.3	1386.51	
0.173677	0.332765	1.23994	0.924002	-0.333548	0.0542527	1242.81	1214.05	
0.175183	0.332929	1.27316	0.977421	-0.333097	0.0206287	1203.18	1015.9	
0.237153	0.296875	1.14328	1.18921	-0.286408	0.105867	1306.5	1532.48	
0.236808	0.296604	1.17406	1.20455	-0.282268	0.109099	1321.15	1605.77	
0.23795	0.296556	1.20517	1.23946	-0.27879	0.0753469	1295.82	1479.1	
0.238509	0.296355	1.23719	1.26407	-0.284894	0.0447145	1243.06	1215.28	
0.237782	0.296306	1.27193	1.25085	-0.283327	0.0716529	1182.97	914.826	
0.233829	0.32786	1.14277	1.1435	-0.379531	0.0992205	1303.37	1516.87	
0.233885	0.327859	1.17374	1.16671	-0.37565	0.0971749	1320.25	1601.24	
0.234816	0.327569	1.20476	1.19792	-0.380371	0.0581526	1298.48	1492.42	
0.235528	0.327176	1.23668	1.2294	-0.391522	0.0237596	1249.59	1247.97	
0.235139	0.327827	1.27064	1.22358	-0.376234	0.0377743	1186.88	934.38	
0.23053	0.360679	1.14255	1.10984	-0.32737	0.0964283	1241.39	1206.93	
0.229424	0.360663	1.17322	1.09871	-0.317934	0.0856912	1257.01	1285.07	
0.230324	0.360236	1.20444	1.1217	-0.321603	0.0423431	1236.9	1184.48	
0.230822	0.359708	1.2364	1.14258	-0.340878	0.00737801	1198.76	993.792	
0.230311	0.360208	1.2705	1.12902	-0.33582	0.0348634	1142.94	714.683	
0.21456	0.398303	1.14164	0.839318	-0.151727	0.106994	1255.76	1278.79	
0.213018	0.398575	1.17299	0.836257	-0.124873	0.0873954	1250.13	1250.66	
0.21396	0.397966	1.20506	0.860859	-0.133381	0.049441	1218.78	1093.89	
0.21417	0.397198	1.23719	0.877643	-0.161716	0.00684334	1185.49	927.462	
0.213175	0.397408	1.27146	0.838183	-0.18845	0.0534425	1149.75	748.764	
0.296841	0.29219	1.14202	1.24031	-0.348645	0.0616209	1330.17	1650.87	
0.298227	0.291944	1.17285	1.28795	-0.346729	0.0943089	1347.15	1735.76	
0.298827	0.291784	1.20367	1.30531	-0.344461	0.0733203	1319.57	1597.85	
0.299608	0.29206	1.23573	1.32848	-0.336907	0.0410587	1262.6	1313.02	
0.297856	0.292394	1.27014	1.29739	-0.33405	0.047006	1187.72	938.612	
0.294596	0.324749	1.14136	1.21757	-0.298078	0.049101	1270.84	1354.2	
0.295577	0.324131	1.17229	1.25076	-0.306795	0.0785922	1287.7	1438.49	
0.296409	0.323901	1.20314	1.27648	-0.306236	0.0564517	1263.25	1316.24	
0.297425	0.323981	1.23514	1.30444	-0.304556	0.0218247	1213.89	1069.45	
0.296118	0.325197	1.26871	1.29106	-0.285177	0.00739517	1141.76	708.802	
0.293124	0.360626	1.14192	1.1935	-0.124154	0.0846005	1120	599.981	
0.293387	0.360679	1.17226	1.20498	-0.111116	0.0936814	1127.44	637.216	
0.293634	0.35979	1.20312	1.20828	-0.123953	0.0631506	1106.74	533.692	
0.293871	0.359288	1.23514	1.20364	-0.14047	0.0277202	1068.76	343.782	
0.292569	0.359509	1.26901	1.17789	-0.164756	0.0222627	1010.28	51.3879	
0.270534	0.396423	1.14147	0.878602	-0.0802589	0.108301	1103.81	519.041	
0.269944	0.395981	1.17279	0.897565	-0.069711	0.107435	1094.38	471.913	
0.270572	0.395348	1.2043	0.910981	-0.0770607	0.081104	1063.9	319.522	
0.270922	0.394627	1.23651	0.910395	-0.0982861	0.0516884	1024.29	121.431	
0.269321	0.394462	1.27077	0.889305	-0.139339	0.0621328	983.985	-80.0766	
0.17569	0.363571	1.34912	1.09478	-0.403732	0.288168	1090.04	450.189	
0.174861	0.360805	1.392	1.05818	-0.454261	0.495624	992.189	-39.0539	
0.16299	0.40127	1.30944	0.783232	-0.25055	0.0731551	1365.42	1827.11	
0.161479	0.397774	1.34736	0.755275	-0.359729	0.209519	1261.03	1305.17	
0.162484	0.395896	1.38721	0.802407	-0.375901	0.364596	1135.22	676.093	
0.181777	0.299786	1.31043	1.11141	-0.283909	0.146285	1120.52	602.577	
0.181713	0.298912	1.35071	1.13692	-0.2903	0.349736	1035.61	178.062	
0.182548	0.298689	1.39537	1.15915	-0.25795	0.561921	960.981	-195.097	
0.179203	0.331417	1.31017	1.08547	-0.384429	0.132604	1146.95	734.743	
0.177566	0.329568	1.35028	1.05872	-0.421407	0.334593	1061.23	306.154	
0.179619	0.328347	1.39502	1.13086	-0.406013	0.576347	977.73	-111.349	
0.172229	0.361003	1.31081	0.941574	-0.51892	0.14689	1158.97	794.835	
0.240108	0.295235	1.30954	1.2743	-0.323989	0.198606	1107.66	538.309	
0.23827	0.294647	1.35067	1.24914	-0.311584	0.386399	1027.55	137.772	
0.235676	0.29512	1.39517	1.16705	-0.282913	0.552216	974.86	-125.7	
0.237495	0.325917	1.30847	1.25884	-0.424622	0.16034	1119.2	596.021	
0.235916	0.32515	1.34961	1.23596	-0.422456	0.351467	1039.45	197.252	
0.233085	0.325273	1.39421	1.13941	-0.387784	0.538357	981.335	-93.3228	
0.232432	0.358125	1.308	1.15279	-0.369551	0.129555	1079.98	399.885	
0.230764	0.356792	1.34792	1.1315	-0.384211	0.298096	1019.88	99.4229	
0.228643	0.356384	1.39174	1.05518	-0.347707	0.490225	963.015	-184.926	
0.215927	0.39452	1.30791	0.869537	-0.243023	0.113389	1047.44	237.198	
0.214447	0.393691	1.34591	0.876787	-0.252432	0.226437	991.984	-40.0813	
0.213818	0.392009	1.38715	0.854277	-0.275055	0.383287	916.523	-417.383	
0.29933	0.291902	1.3083	1.29572	-0.329894	0.18958	1101.5	507.511	
0.297202	0.292167	1.34999	1.24896	-0.298632	0.385074	1008.14	40.6764	
0.292265	0.294079	1.39584	1.12544	-0.234439	0.589411	966.667	-166.663	
0.297519	0.324027	1.30716	1.28515	-0.290598	0.150861	1067.88	339.389	
0.295302	0.323687	1.34854	1.23319	-0.272898	0.341192	987.254	-63.7324	
0.290308	0.325131	1.39425	1.08849	-0.22269	0.559463	950.356	-248.22	
0.292624	0.357382	1.30723	1.13477	-0.19704	0.138545	957.054	-214.732	
0.28983	0.356096	1.34681	1.04901	-0.224075	0.290025	900.536	-497.322	
0.284331	0.355367	1.39125	0.881961	-0.228062	0.503049	878.938	-605.31	
0.270673	0.392681	1.30769	0.851186	-0.167758	0.140848	922.74	-386.298	
0.268229	0.391067	1.34584	0.810799	-0.20963	0.252682	869.009	-654.957	
0.264906	0.388802	1.38647	0.705208	-0.275374	0.390292	821.881	-890.595	
0.261378	0.386051	1.42673	0.644625	-0.384507	0.342082	784.774	-1076.13	
0.164903	0.395747	1.43228	0.840781	-0.339779	0.529431	1026.15	130.732	
0.211655	0.390273	1.43086	0.801866	-0.322875	0.471504	880.756	-596.218	
0.277038	0.355252	1.43303	0.764075	-0.223516	0.426059	881.393	-593.034	
0.166328	0.392249	1.48084	0.808557	-0.290735	0.544599	894.272	-528.639	
0.184163	0.298621	1.44285	1.13699	-0.24263	0.648419	931.179	-344.107	
0.181791	0.328803	1.44184	1.10664	-0.369624	0.66635	959.406	-202.971	
0.177182	0.357284	1.43966	1.07607	-0.49028	0.658157	936.284	-318.579	
0.231609	0.295454	1.44178	1.06169	-0.273471	0.618553	984.471	-77.6448	
0.229104	0.325781	1.44056	1.03903	-0.36728	0.612352	990.946	-45.2725	
0.224862	0.357123	1.43835	0.957249	-0.26495	0.596255	981.045	-94.7737	
0.285124	0.296356	1.43911	1.02174	-0.183195	0.588672	930.253	-348.733	
0.2835	0.328784	1.43775	0.982351	-0.119634	0.567994	916.089	-419.557	
0.182159	0.296767	1.49488	0.926193	-0.211235	0.676171	945.632	-271.84	
0.180343	0.32679	1.49424	0.91772	-0.306243	0.687206	956.347	-218.265	
0.177313	0.356503	1.49134	0.93611	-0.298687	0.634746	931.672	-341.638	
0.168252	0.391672	1.53092	0.69507	-0.327809	0.434724	844.594	-777.028	
0.180658	0.298774	1.54619	0.72293	-0.190212	0.614213	936.283	-318.584	
0.179779	0.329866	1.54585	0.742794	-0.199217	0.590981	928.974	-355.13	
0.179102	0.35733	1.54264	0.812513	-0.252387	0.46785	888.643	-556.785	
0.228293	0.295027	1.49106	0.949074	-0.249149	0.631661	1050.73	253.675	
0.225724	0.297491	1.5438	0.811146	-0.187341	0.726871	1026.58	132.89	
0.226044	0.32485	1.48972	0.922442	-0.326165	0.627747	1034.32	171.591	
0.224167	0.327909	1.54257	0.7864	-0.223172	0.677891	1006.81	34.0363	
0.221768	0.357216	1.48656	0.847735	-0.129477	0.553539	1064.18	320.921	
0.220933	0.359361	1.53811	0.716727	-0.107623	0.531717	1000.98	4.88007	
0.209836	0.388502	1.47727	0.737786	-0.2757	0.467065	884.56	-577.202	
0.208926	0.387906	1.5248	0.604617	-0.296389	0.356045	875.627	-621.867	
0.277656	0.297314	1.48793	1.02446	-0.163052	0.566349	998.96	-5.19889	
0.269396	0.298555	1.53162	1.00455	-0.123642	0.671246	997.112	-14.4407	
0.275655	0.327673	1.48628	0.934786	-0.187475	0.539864	968.687	-156.564	
0.267636	0.329938	1.53043	0.895456	-0.155288	0.584687	957.735	-211.323	
0.268787	0.35863	1.48267	0.726415	-0.0459184	0.450188	972.141	-139.293	
0.261591	0.359979	1.5257	0.706124	-0.0287098	0.441123	968.432	-157.838	
0.253827	0.38452	1.47281	0.497457	-0.356264	0.383578	841.459	-792.704	
0.249034	0.382797	1.51522	0.478603	-0.361031	0.254873	900.664	-496.682	
0.295734	0.114183	0.968774	0.39767	0.0901414	-0.10182	1026.88	134.394	
0.365775	0.11606	0.966673	0.337165	0.0809282	0.168155	1003.16	15.7945	
0.389832	0.116991	0.935347	0.220049	0.118524	0.328258	847.966	-760.168	
0.433708	0.119096	0.945732	0.109414	0.170232	0.304089	916.807	-415.966	
0.302578	0.110756	1.01307	0.864776	0.0212587	0.016978	1240.05	1200.26	
0.308668	0.142216	1.01496	1.01543	3.60588e-05	0.0546592	1153.78	768.911	
0.343376	0.114551	0.992486	0.480315	0.0153548	0.177461	1049.12	245.587	
0.309441	0.147048	0.973961	0.658345	0.0801275	-0.109308	1014.49	72.4395	
0.375208	0.147444	0.973807	0.585925	0.00799453	0.298306	1092.11	460.553	
0.397882	0.14886	0.943817	0.33902	0.0562427	0.45507	983.982	-80.0893	
0.31098	0.17642	0.971535	0.704899	0.083664	-0.167585	1009.09	45.4404	
0.31371	0.207655	0.972857	0.755972	0.0610887	-0.180637	1025.11	125.535	
0.314585	0.237648	0.974283	0.775984	-0.0228784	-0.174865	1047.54	237.71	
0.315274	0.267815	0.974646	0.781012	-0.120345	-0.183276	1060.17	300.859	
0.376831	0.178759	0.973787	0.659579	0.0931088	0.269683	1167.03	835.154	
0.379049	0.21009	0.97515	0.717293	0.127329	0.29616	1189.17	945.83	
0.379897	0.239818	0.976065	0.754034	0.0487656	0.305429	1209.29	1046.47	
0.380038	0.269086	0.977165	0.759271	-0.0824036	0.343117	1222.09	1110.43	
0.4002	0.17818	0.945984	0.406163	0.0939055	0.451526	1045.21	226.044	
0.401646	0.209738	0.948072	0.457676	0.133708	0.465864	1067.89	339.453	
0.402947	0.239907	0.949839	0.48142	0.064649	0.496318	1093.76	468.787	
0.403301	0.269914	0.951154	0.470026	-0.0451449	0.538203	1109.27	546.343	
0.314364	0.173107	1.00992	1.13024	-0.0322695	-0.0928166	1245.79	1228.94	
0.314836	0.204061	1.01188	1.15332	-0.0138591	-0.0747007	1241.47	1207.35	
0.314495	0.234049	1.01216	1.1433	-0.101138	-0.0610811	1251.77	1258.83	
0.314361	0.263482	1.01278	1.13898	-0.235298	-0.0360958	1255.23	1276.14	
0.353361	0.145558	0.996653	0.723262	-0.0659733	0.259421	1082.81	414.058	
0.35694	0.176977	0.998455	0.828104	0.0306192	0.295355	1123.12	615.623	
0.35827	0.208521	0.997929	0.862028	0.0533983	0.286524	1145.86	729.318	
0.358571	0.238612	0.997885	0.86657	-0.011453	0.303544	1172.18	860.89	
0.357449	0.268783	1.00006	0.809255	-0.103766	0.40936	1179.91	899.526	
0.295428	0.395718	0.971242	0.41541	-0.0776175	0.0255953	936.952	-315.239	
0.31058	0.362062	0.978402	0.689815	-0.124274	0.0199482	1016.04	80.1896	
0.314777	0.29826	0.973529	0.782798	-0.202437	-0.179077	1021.22	106.093	
0.313544	0.330153	0.975334	0.750418	-0.215931	-0.0846881	986.993	-65.0327	
0.341904	0.393253	0.988662	0.461089	-0.105162	0.115926	957.184	-214.08	
0.379988	0.298323	0.976133	0.745468	-0.184988	0.300456	1207.96	1039.78	
0.378714	0.329186	0.976862	0.68557	-0.187941	0.339571	1159.25	796.226	
0.375553	0.36339	0.976691	0.548863	0.0237623	0.297754	1070.23	351.159	
0.365222	0.392989	0.965265	0.389812	-0.0928069	0.219189	916.712	-416.441	
0.403043	0.299365	0.950226	0.468133	-0.152073	0.503285	1093.22	466.09	
0.401277	0.330565	0.949063	0.436181	-0.152184	0.494687	1043.34	216.709	
0.398687	0.363193	0.946138	0.359891	0.0352887	0.44013	980.123	-99.3858	
0.390283	0.394876	0.936527	0.254978	-0.025537	0.452161	791.28	-1043.6	
0.43316	0.389499	0.943235	0.134758	-0.225002	0.288652	879.105	-604.473	
0.315814	0.294532	1.01073	1.16545	-0.330005	-0.0691586	1255.13	1275.67	
0.314936	0.327591	1.01392	1.13494	-0.250268	-0.0197232	1206.37	1031.83	
0.310536	0.36193	1.01602	0.95848	-0.11695	-0.0468248	1079.12	395.603	
0.358735	0.298206	0.998338	0.861891	-0.199449	0.316878	1169.75	848.741	
0.357429	0.330471	1.00028	0.801097	-0.166556	0.331087	1106.99	534.932	
0.353444	0.364203	0.998768	0.666223	0.0364648	0.225274	1044.53	222.64	
0.561908	0.117381	0.864631	0.17253	0.127895	0.482815	836.213	-818.936	
0.462652	0.118109	0.921272	0.13432	0.166098	0.329397	913.533	-432.337	
0.490609	0.117296	0.886752	0.222673	0.154607	0.370713	834.358	-828.211	
0.533614	0.121016	0.894114	0.146074	0.246768	0.190157	860.542	-697.291	
0.438087	0.149064	0.954653	0.177725	0.0326639	0.534428	994.997	-25.0155	
0.439686	0.17933	0.95844	0.231355	0.114332	0.663593	1046.38	231.899	
0.440118	0.210811	0.959014	0.273728	0.131562	0.698173	1072.45	362.251	
0.44076	0.240372	0.959372	0.299836	0.0557264	0.72214	1103.53	517.668	
0.441059	0.269865	0.960091	0.311565	-0.0669918	0.746695	1114.49	572.441	
0.566657	0.148992	0.875234	0.228489	0.0461133	0.60439	979.45	-102.749	
0.498044	0.149761	0.896689	0.30787	0.126888	0.54749	946.779	-266.106	
0.467655	0.149082	0.929475	0.241526	0.0645382	0.486678	974.783	-126.085	
0.537503	0.150497	0.90254	0.215268	0.0352864	0.412465	981.021	-94.8927	
0.568341	0.179436	0.878257	0.277989	0.15101	0.664074	1012.98	64.899	
0.569803	0.211104	0.88128	0.30305	0.18331	0.728915	1019.2	95.9897	
0.570513	0.240543	0.883434	0.320302	0.0814761	0.775841	1036.23	181.144	
0.570905	0.270498	0.884215	0.327219	-0.0398706	0.79547	1042.07	210.342	
0.468878	0.180071	0.932174	0.316861	0.143292	0.54715	1014.5	72.5069	
0.470191	0.211218	0.934001	0.353085	0.17146	0.586934	1020.31	101.544	
0.470527	0.24054	0.935389	0.378094	0.0748186	0.615805	1035.46	177.281	
0.470877	0.269536	0.936032	0.388108	-0.0615126	0.637746	1041.7	208.51	
0.499373	0.179358	0.899643	0.348105	0.146598	0.592697	980.907	-95.4628	
0.500676	0.210486	0.902892	0.388129	0.161566	0.653964	989.615	-51.9248	
0.501995	0.24008	0.904978	0.408026	0.0703128	0.70032	1009.3	46.5114	
0.502596	0.269717	0.905932	0.403757	-0.0448298	0.727075	1019.68	98.3832	
0.539299	0.179709	0.906831	0.26289	0.111157	0.569839	1028.89	144.426	
0.53987	0.211773	0.908358	0.29568	0.1542	0.648924	1043.11	215.572	
0.540371	0.240841	0.909493	0.314118	0.0786656	0.698642	1068.58	342.915	
0.540726	0.270471	0.910264	0.332245	-0.0457176	0.720948	1077.33	386.627	
0.441206	0.299017	0.960314	0.308053	-0.171816	0.743687	1092.67	463.361	
0.440511	0.330574	0.960373	0.263305	-0.165039	0.709764	1045.12	225.596	
0.439023	0.363067	0.955712	0.168553	0.0291594	0.489052	985.706	-71.4682	
0.570552	0.299606	0.883658	0.326762	-0.180453	0.7799	1031.13	155.665	
0.569855	0.330117	0.881583	0.299846	-0.223757	0.728935	1010.22	51.1196	
0.567447	0.363241	0.877479	0.230466	0.00702187	0.583274	978.945	-105.277	
0.561935	0.394407	0.865672	0.198454	-0.0501163	0.598294	787.394	-1063.03	
0.471018	0.298336	0.935979	0.384616	-0.191192	0.640375	1031.39	156.943	
0.47049	0.328918	0.935064	0.340333	-0.20607	0.603318	1007.71	38.5392	
0.467738	0.362586	0.932618	0.191312	-0.00904078	0.482929	966.387	-168.067	
0.46178	0.39153	0.91995	0.175936	-0.158464	0.386312	840.197	-799.013	
0.50212	0.298906	0.905202	0.400074	-0.167208	0.708229	1004.95	24.7359	
0.500436	0.329683	0.903259	0.377289	-0.189775	0.652945	977.265	-113.675	
0.498631	0.362567	0.898971	0.32747	-0.0102896	0.533446	937.943	-310.284	
0.49153	0.394578	0.88731	0.266355	-0.0528262	0.4733	773.934	-1130.33	
0.540714	0.298912	0.910341	0.323384	-0.168543	0.711367	1055.97	279.835	
0.540186	0.331166	0.909445	0.288213	-0.144955	0.646525	1025.93	129.654	
0.538056	0.361909	0.904619	0.206064	0.0270646	0.423461	966.953	-165.235	
0.532844	0.389915	0.892451	0.151094	-0.201987	0.224692	840.601	-796.995	
0.636658	0.119095	0.845859	0.177313	0.205383	0.325014	894.702	-526.489	
0.662775	0.117883	0.812146	0.189451	0.157135	0.407853	817.373	-913.136	
0.706279	0.119109	0.821411	0.0577092	0.168489	0.337475	921.71	-391.45	
0.604273	0.119425	0.869801	0.102235	0.183084	0.311296	900.041	-499.793	
0.669476	0.149753	0.821911	0.245169	0.0917978	0.589241	947.95	-260.25	
0.709845	0.14919	0.831075	0.085658	0.0361964	0.607115	1004.12	20.6101	
0.671082	0.178703	0.825821	0.284531	0.116333	0.661789	1001.56	7.78901	
0.672042	0.209993	0.829047	0.316069	0.147906	0.729116	1013.81	69.0663	
0.673066	0.239875	0.831264	0.327954	0.0646413	0.783676	1029.97	149.867	
0.67358	0.269976	0.832053	0.323404	-0.0452827	0.802346	1039.16	195.78	
0.710727	0.17938	0.835243	0.105132	0.1185	0.753373	1057.92	289.62	
0.710386	0.210883	0.836184	0.113025	0.140914	0.802274	1082.64	413.222	
0.710458	0.240385	0.836668	0.115167	0.0608235	0.829396	1111.68	558.41	
0.710705	0.269784	0.837277	0.124484	-0.0687129	0.850441	1123.22	616.111	
0.641641	0.149404	0.853778	0.285903	0.0829968	0.480349	970.825	-145.873	
0.643117	0.180027	0.856939	0.375335	0.1557	0.574824	1015.81	79.0537	
0.644251	0.2111	0.858766	0.407532	0.192233	0.619974	1017.14	85.6898	
0.644388	0.240447	0.860244	0.428681	0.0885747	0.659669	1028.77	143.831	
0.644647	0.269681	0.860683	0.437729	-0.0529197	0.679247	1034.56	172.792	
0.609259	0.149915	0.878069	0.199979	0.0363653	0.514355	974.124	-129.382	
0.610482	0.180541	0.882387	0.247965	0.136617	0.643327	1011.52	57.5783	
0.611193	0.212291	0.883817	0.272862	0.176693	0.700174	1026.89	134.428	
0.612012	0.241427	0.884658	0.296238	0.0844386	0.734098	1050.69	253.434	
0.61237	0.270204	0.885459	0.301223	-0.054353	0.762623	1060.84	304.216	
0.635752	0.389148	0.845352	0.221862	-0.26554	0.420685	834.805	-825.977	
0.673323	0.299262	0.831362	0.321649	-0.160857	0.777723	1030.62	153.086	
0.672167	0.329946	0.829394	0.316086	-0.183502	0.727248	999.594	-2.03096	
0.669905	0.362271	0.825197	0.246879	-0.00513368	0.616024	952.393	-238.033	
0.663116	0.394016	0.813791	0.216412	-0.0635677	0.553941	765.382	-1173.09	
0.711078	0.298762	0.837554	0.130283	-0.180394	0.851103	1102.33	511.653	
0.711172	0.330546	0.837116	0.125452	-0.168379	0.801752	1058.55	292.728	
0.710541	0.362415	0.832367	0.0714279	-0.00140857	0.584021	984.817	-75.9163	
0.704321	0.390595	0.819586	0.0190994	-0.167976	0.352098	880.403	-597.985	
0.644556	0.298645	0.860846	0.429608	-0.193359	0.680631	1025.22	126.088	
0.64471	0.329763	0.859882	0.398133	-0.182847	0.635833	1004.82	24.0983	
0.642267	0.363695	0.856866	0.269102	0.0448697	0.475548	962.735	-186.325	
0.612114	0.29834	0.88557	0.294541	-0.180028	0.754337	1046.01	230.048	
0.611796	0.329568	0.88505	0.280602	-0.167502	0.705184	1006.78	33.8944	
0.610926	0.362189	0.880043	0.22606	0.0245563	0.479176	955.852	-220.74	
0.604336	0.390458	0.868098	0.14685	-0.178859	0.323468	859.117	-704.416	
0.734538	0.117018	0.796871	0.050042	0.121721	0.359957	954.82	-225.898	
0.757203	0.11555	0.761063	-0.0556209	0.0954288	0.340497	932.271	-338.643	
0.798789	0.115115	0.780648	-0.112573	0.120279	0.463217	997.948	-10.2586	
0.803411	0.111971	0.734674	-0.227279	0.139918	0.29517	1294.62	1473.11	
0.807103	0.144331	0.735475	-0.137481	0.207565	0.284867	1122.08	610.419	
0.73855	0.148396	0.805968	0.108585	0.0463646	0.557417	1021.32	106.599	
0.760862	0.148038	0.771565	-0.0565453	0.0843362	0.552735	1003.97	19.8341	
0.799497	0.148592	0.785665	-0.12065	0.141817	0.562132	953.034	-234.83	
0.738543	0.179498	0.808766	0.130889	0.127465	0.621493	1071.36	356.817	
0.739447	0.210724	0.810692	0.158872	0.159216	0.663357	1080.92	404.607	
0.73948	0.240245	0.812095	0.169879	0.0728841	0.693083	1099.1	495.496	
0.739766	0.269229	0.81259	0.174768	-0.063975	0.710783	1105.95	529.745	
0.760248	0.177811	0.773911	-0.0655899	0.103037	0.570535	1050.48	252.382	
0.76031	0.209254	0.776747	-0.0598087	0.117487	0.612466	1068.9	344.523	
0.760996	0.23955	0.778391	-0.0543135	0.052184	0.643265	1090.77	453.846	
0.76158	0.269475	0.779149	-0.0523033	-0.0577152	0.659321	1102.22	511.102	
0.798228	0.177714	0.788579	-0.102246	0.0784643	0.612893	988.969	-55.1539	
0.79792	0.208361	0.78872	-0.0941269	0.0855573	0.635369	999.051	-4.74734	
0.797542	0.239506	0.788961	-0.0862908	0.0365742	0.651811	1006.01	30.0662	
0.797664	0.270592	0.789394	-0.0746516	-0.0486379	0.665304	1009.12	45.6204	
0.80388	0.175991	0.739033	-0.183154	0.154852	0.322848	1056.62	283.088	
0.804301	0.207065	0.738571	-0.166404	0.102392	0.298969	1040.23	201.173	
0.803896	0.23861	0.739721	-0.165323	0.0419865	0.317114	1023.49	117.447	
0.80522	0.270142	0.738852	-0.153955	-0.0209719	0.310713	1029.7	148.489	
0.733141	0.394329	0.795778	0.0312984	-0.14183	0.372183	897.062	-514.69	
0.739323	0.298305	0.812336	0.147125	-0.181633	0.70803	1094.14	470.711	
0.739599	0.328832	0.811303	0.147816	-0.197863	0.671526	1068.01	340.057	
0.737133	0.361899	0.806504	0.0675694	-0.00734702	0.565122	1012.99	64.9603	
0.760971	0.299372	0.778162	-0.0635262	-0.15502	0.629642	1086.09	430.461	
0.760575	0.330629	0.776853	-0.0579118	-0.171044	0.614429	1055.18	275.888	
0.760461	0.362973	0.774163	-0.059301	-0.0316005	0.561272	1008.64	43.1907	
0.756727	0.395882	0.760646	-0.0582857	-0.0200269	0.404867	870.893	-645.533	
0.797752	0.301511	0.789748	-0.0679929	-0.135775	0.656669	1005.74	28.7126	
0.798999	0.332876	0.789576	-0.0849686	-0.11842	0.641205	993.904	-30.4785	
0.799664	0.363367	0.786961	-0.141821	-0.0873663	0.531043	939.508	-302.459	
0.794915	0.396025	0.776035	-0.198962	-0.0802708	0.407941	947.472	-262.638	
0.803865	0.302273	0.74014	-0.163734	-0.0986493	0.322775	1017.09	85.4359	
0.803939	0.333417	0.739212	-0.179047	-0.174628	0.320858	1040.46	202.28	
0.803551	0.364687	0.739889	-0.217937	-0.217709	0.371203	1079.23	396.128	
0.805634	0.397232	0.73137	-0.206623	-0.160096	0.279198	1240.83	1204.14	
