x	y	z	U	V	W	Ro	P	
0.113428	0.105602	1.0117	0.40291	0.183521	0.106322	2028.18	5140.88	
0.112198	0.104649	1.04462	0.425742	0.224633	0.036715	2056.1	5280.51	
0.114208	0.105173	1.0783	0.447258	0.204867	0.0558453	1998.45	4992.24	
0.11323	0.105063	1.11098	0.403077	0.200116	0.0830384	2023.78	5118.91	
0.116426	0.137746	1.01104	0.384072	0.176329	0.0861033	1578.54	2892.7	
0.119142	0.139399	1.04576	0.519915	0.186568	0.0916786	1482.73	2413.67	
0.119662	0.139368	1.07803	0.506655	0.190174	0.0571418	1458.67	2293.34	
0.1198	0.140028	1.11112	0.506156	0.191869	0.0866035	1465.6	2328	
0.114298	0.105189	1.14328	0.403618	0.201381	0.128308	1997.39	4986.97	
0.114428	0.105635	1.17551	0.419759	0.193332	0.117715	1967.65	4838.23	
0.114887	0.105814	1.20783	0.432674	0.203039	0.0842122	1940.47	4702.34	
0.115077	0.106151	1.24058	0.442094	0.21652	0.039101	1916.04	4580.22	
0.114987	0.106373	1.27404	0.433314	0.223566	0.0182552	1891.7	4458.51	
0.120712	0.139295	1.14353	0.491783	0.191257	0.131127	1457.06	2285.3	
0.119698	0.140063	1.17574	0.468564	0.202307	0.123011	1467.01	2335.03	
0.120512	0.14028	1.20814	0.49077	0.214017	0.0953771	1439.17	2195.85	
0.120841	0.140529	1.24074	0.501254	0.226045	0.0559873	1412.49	2062.46	
0.121377	0.140894	1.27472	0.518892	0.238065	0.0663334	1377.13	1885.67	
0.116508	0.107824	1.3085	0.450258	0.266407	0.0633915	1790.89	3954.44	
0.116509	0.108452	1.34537	0.486293	0.298472	0.145447	1716.21	3581.07	
0.118063	0.11061	1.387	0.517034	0.354333	0.332475	1538.85	2694.27	
0.123159	0.142198	1.30994	0.535077	0.290884	0.138801	1299.47	1497.34	
0.122495	0.142645	1.34815	0.543253	0.30845	0.261785	1221.81	1109.04	
0.124185	0.145003	1.39148	0.566557	0.394709	0.451698	1098.46	492.289	
0.120663	0.114019	1.43244	0.50923	0.374649	0.455083	1283.31	1416.55	
0.126682	0.149645	1.4381	0.559807	0.493625	0.556684	974.296	-128.518	
0.12192	0.115715	1.48013	0.451865	0.376467	0.45136	1126.1	630.506	
0.124775	0.119959	1.53236	0.396178	0.339047	0.415057	887.801	-560.996	
0.119686	0.169603	1.01178	0.423407	0.139251	0.102393	1474.75	2373.74	
0.121609	0.172413	1.04592	0.535967	0.127428	0.111969	1399.82	1999.11	
0.123324	0.172227	1.07883	0.555691	0.141365	0.0730045	1367.72	1838.6	
0.122647	0.172998	1.11174	0.524295	0.154363	0.0847956	1379.87	1899.35	
0.119098	0.201132	1.01212	0.439472	0.0237196	0.121253	1453.92	2269.62	
0.121473	0.20507	1.04571	0.553107	0.0328864	0.113127	1387.39	1936.96	
0.12206	0.204197	1.07835	0.541601	0.0333609	0.064952	1366.74	1833.69	
0.122405	0.205625	1.11132	0.543986	0.0580131	0.0891646	1366.82	1834.1	
0.120204	0.23432	1.01239	0.478083	-0.0557666	0.136695	1418.42	2092.1	
0.122138	0.238745	1.04561	0.580932	-0.0333744	0.114458	1358.18	1790.88	
0.123176	0.237752	1.07834	0.582293	-0.0360368	0.0685722	1330.86	1654.3	
0.123304	0.239198	1.11129	0.575159	-0.00832281	0.086405	1330.52	1652.62	
0.120039	0.268196	1.01246	0.471305	-0.089659	0.148197	1409.51	2047.53	
0.122135	0.272998	1.04562	0.579806	-0.0597998	0.116324	1346.98	1734.88	
0.123175	0.271879	1.07824	0.581492	-0.0659538	0.0658996	1320.32	1601.6	
0.123004	0.27312	1.11116	0.567588	-0.0394494	0.0823091	1326.26	1631.31	
0.123308	0.171818	1.1445	0.506655	0.148871	0.109052	1382.73	1913.63	
0.123461	0.172837	1.17684	0.516464	0.170206	0.137308	1386.72	1933.6	
0.124181	0.172872	1.20893	0.529	0.177673	0.112939	1363.35	1816.77	
0.124657	0.172862	1.24139	0.542487	0.181522	0.0773344	1336.73	1683.64	
0.12466	0.173134	1.27516	0.541314	0.185547	0.0896352	1299.98	1499.91	
0.122392	0.203606	1.14398	0.496785	0.0511593	0.10894	1376.96	1884.81	
0.122197	0.204914	1.17649	0.499508	0.0746319	0.133424	1388.05	1940.23	
0.123085	0.204768	1.20888	0.516022	0.0817226	0.115782	1361.62	1808.1	
0.123423	0.204606	1.24147	0.525468	0.0797872	0.0869165	1334.09	1670.44	
0.124385	0.204852	1.27544	0.555408	0.0840945	0.108813	1281.39	1406.94	
0.12374	0.236725	1.14415	0.542265	-0.0255525	0.112001	1333.77	1668.87	
0.123583	0.237997	1.17641	0.544822	-0.000432232	0.131133	1344.96	1724.78	
0.124444	0.237756	1.20885	0.562534	0.00241151	0.114565	1319.91	1599.56	
0.124831	0.237543	1.2415	0.573639	-0.00289064	0.0881938	1291.42	1457.1	
0.125687	0.237662	1.27549	0.596217	-0.00302808	0.110288	1236.89	1184.47	
0.124036	0.270523	1.14423	0.559642	-0.074953	0.117212	1320.85	1604.24	
0.123357	0.271484	1.17649	0.53526	-0.0471243	0.133637	1335.13	1675.64	
0.124236	0.271221	1.20898	0.555336	-0.0476395	0.119677	1309.42	1547.08	
0.124707	0.270957	1.24162	0.570031	-0.0555802	0.0912072	1280.12	1400.62	
0.125523	0.271022	1.27569	0.592452	-0.0577174	0.112325	1225.98	1129.9	
0.125639	0.173659	1.31141	0.546073	0.199456	0.173495	1231.43	1157.13	
0.126573	0.173456	1.35098	0.584437	0.221565	0.344309	1134.92	674.581	
0.128398	0.174991	1.39514	0.6023	0.293258	0.52316	1018.01	90.0488	
0.125706	0.204592	1.31186	0.558684	0.0864969	0.201768	1204.59	1022.97	
0.125906	0.203913	1.35146	0.588528	0.0873989	0.365592	1113.19	565.941	
0.128104	0.204579	1.39562	0.620694	0.147729	0.544299	988.412	-57.941	
0.126951	0.236644	1.31219	0.597701	-0.0177844	0.212352	1159.51	797.563	
0.127406	0.235952	1.35175	0.631612	-0.015859	0.375823	1065.82	329.076	
0.129574	0.235973	1.39591	0.659979	0.020901	0.561124	943.449	-282.755	
0.127152	0.269631	1.31238	0.612324	-0.0822795	0.211424	1144.48	722.398	
0.127424	0.268727	1.35194	0.63463	-0.095015	0.37904	1051.53	257.643	
0.129723	0.268338	1.39603	0.671683	-0.0720439	0.56492	929.951	-350.245	
0.127805	0.151231	1.48868	0.534144	0.513281	0.553936	909.304	-453.481	
0.130613	0.156418	1.54021	0.569062	0.467584	0.376974	805.893	-970.535	
0.1306	0.178304	1.44254	0.604837	0.35764	0.592013	928.332	-358.338	
0.131587	0.207678	1.44189	0.643376	0.214216	0.611347	895.857	-520.713	
0.133086	0.237998	1.44223	0.684812	0.0645804	0.605535	856.172	-719.141	
0.133305	0.269446	1.44209	0.707761	-0.0421667	0.609727	847.198	-764.011	
0.132786	0.178686	1.49155	0.613732	0.383669	0.564053	897.786	-511.07	
0.135818	0.181369	1.5416	0.679341	0.212855	0.447707	827.432	-862.841	
0.134695	0.207355	1.49102	0.678641	0.284718	0.561828	875.194	-624.032	
0.138513	0.211082	1.54107	0.766895	0.169639	0.422364	816.51	-917.452	
0.137019	0.236275	1.49121	0.740639	0.138516	0.540487	849.289	-753.555	
0.141259	0.239663	1.54068	0.8476	0.0454958	0.39954	814.831	-925.847	
0.137886	0.266697	1.49118	0.77802	0.00439856	0.553677	840.585	-797.075	
0.142338	0.27014	1.54068	0.884855	-0.027733	0.386635	820.387	-898.065	
0.121738	0.302527	1.01246	0.476165	-0.0834269	0.139575	1381.64	1908.22	
0.122636	0.306962	1.04557	0.569981	-0.0901737	0.116418	1344.34	1721.68	
0.1243	0.305823	1.07875	0.587778	-0.10127	0.0749261	1310.14	1550.71	
0.123612	0.306458	1.11205	0.55568	-0.0840749	0.0906958	1320.16	1600.79	
0.119034	0.335552	1.01228	0.450433	-0.182672	0.132886	1461.72	2308.62	
0.12087	0.340356	1.0453	0.554021	-0.156464	0.104443	1414.81	2074.06	
0.121685	0.338801	1.0784	0.551825	-0.176675	0.0659261	1386.11	1930.55	
0.121994	0.340224	1.11114	0.551665	-0.140695	0.0799626	1379.31	1896.57	
0.117256	0.368651	1.01182	0.430013	-0.27518	0.12947	1554.26	2771.3	
0.118427	0.373327	1.04489	0.528236	-0.247643	0.0820875	1512	2559.99	
0.119413	0.371704	1.07782	0.533345	-0.274595	0.0528778	1473.22	2366.12	
0.119632	0.373063	1.11083	0.52718	-0.233914	0.0673306	1472.16	2360.8	
0.112926	0.402173	1.01101	0.387105	-0.291798	0.110795	1934.73	4673.64	
0.109741	0.406937	1.04226	0.372051	-0.333237	0.00812479	2095.82	5479.12	
0.111705	0.404717	1.0768	0.394763	-0.340787	0.027411	2010.92	5054.59	
0.111282	0.407017	1.10989	0.369952	-0.277316	0.0544482	2055.15	5275.75	
0.124896	0.30401	1.14516	0.550413	-0.134647	0.132195	1316	1579.99	
0.124525	0.304945	1.17717	0.540669	-0.103921	0.14728	1330.17	1650.85	
0.125522	0.304557	1.2094	0.562149	-0.108681	0.131169	1302.17	1510.87	
0.12604	0.304227	1.24197	0.578041	-0.117498	0.103261	1272.84	1364.2	
0.12641	0.303831	1.27635	0.58684	-0.127251	0.130433	1222.57	1112.87	
0.12252	0.336819	1.14455	0.522318	-0.214812	0.133139	1379.8	1898.99	
0.122116	0.338112	1.17665	0.523209	-0.170704	0.138457	1398.32	1991.62	
0.123062	0.337505	1.20909	0.543435	-0.182615	0.12133	1367.52	1837.6	
0.123583	0.33693	1.24174	0.559815	-0.19938	0.0922991	1337.34	1686.68	
0.124441	0.336688	1.27535	0.580959	-0.208742	0.100822	1277.19	1385.96	
0.120714	0.369398	1.1444	0.515646	-0.315085	0.144846	1447.77	2238.84	
0.119607	0.370586	1.17612	0.498421	-0.269522	0.123397	1476.49	2382.47	
0.120597	0.369884	1.20872	0.523516	-0.287067	0.107829	1443.13	2215.63	
0.120936	0.369271	1.24136	0.534316	-0.307574	0.0742829	1417.54	2087.71	
0.121813	0.369169	1.27492	0.555948	-0.310705	0.0754858	1356.77	1783.84	
0.113074	0.403922	1.1434	0.398589	-0.337729	0.124848	1944.49	4722.46	
0.112475	0.404704	1.17548	0.379998	-0.293436	0.105559	1950.99	4754.97	
0.113165	0.404041	1.20832	0.40317	-0.313258	0.0935402	1910.64	4553.21	
0.11348	0.403467	1.2412	0.415377	-0.331409	0.0588083	1876.31	4381.57	
0.114257	0.403647	1.27467	0.436281	-0.322349	0.0431976	1819.9	4099.49	
0.128373	0.302305	1.31302	0.611948	-0.181546	0.232715	1141.37	706.869	
0.12872	0.301151	1.35232	0.63909	-0.186373	0.385595	1053.23	266.167	
0.131013	0.300048	1.39673	0.670263	-0.186171	0.555209	930.729	-346.353	
0.125815	0.333901	1.3123	0.582494	-0.309123	0.21477	1206.03	1030.16	
0.126289	0.332613	1.35131	0.623937	-0.313819	0.352916	1114.46	572.299	
0.12861	0.330758	1.39537	0.659991	-0.326492	0.538936	986.386	-68.0714	
0.12382	0.365883	1.31158	0.576062	-0.419015	0.190264	1264.32	1321.59	
0.123626	0.364179	1.34946	0.606411	-0.443484	0.286355	1193.79	968.963	
0.125846	0.361674	1.39265	0.64016	-0.473957	0.468298	1056.42	282.1	
0.116329	0.400443	1.31045	0.480328	-0.417397	0.123552	1657.87	3289.37	
0.116603	0.399192	1.34737	0.512903	-0.435694	0.191311	1556.45	2782.24	
0.118596	0.396987	1.38805	0.550902	-0.449552	0.331604	1361.44	1807.22	
0.121308	0.396203	1.43319	0.554373	-0.387923	0.480905	1169.81	849.031	
0.134438	0.299665	1.44357	0.701042	-0.199267	0.583497	856.042	-719.791	
0.131876	0.329697	1.44201	0.674297	-0.367563	0.617451	893.149	-534.253	
0.128533	0.358889	1.43952	0.632971	-0.555589	0.59066	928.357	-358.215	
0.138642	0.296116	1.49226	0.77081	-0.151245	0.521094	855.31	-723.452	
0.142249	0.299426	1.54133	0.870962	-0.140908	0.385997	822.009	-889.954	
0.135555	0.32655	1.49094	0.717008	-0.24418	0.526801	856.219	-718.905	
0.139139	0.331096	1.54147	0.801268	-0.120545	0.406353	811.357	-943.213	
0.132507	0.355604	1.48928	0.673322	-0.370125	0.530503	853.427	-732.866	
0.136522	0.356585	1.5393	0.780491	-0.366893	0.238235	775.473	-1122.63	
0.124768	0.391977	1.48011	0.509551	-0.310848	0.477661	913.162	-434.19	
0.128407	0.39028	1.52715	0.543922	-0.301293	0.305352	805.257	-973.713	
0.160712	0.10809	1.01232	0.601853	0.110842	0.08435	1600.32	3001.59	
0.166054	0.107911	1.04561	0.663688	0.143019	0.0597123	1540.8	2704.02	
0.165218	0.107829	1.07778	0.629159	0.12959	0.036996	1553.76	2768.79	
0.165691	0.107759	1.11055	0.614891	0.128734	0.0404834	1572.3	2861.5	
0.16634	0.140939	1.01231	0.685508	0.153548	0.0567404	1326.26	1631.31	
0.176083	0.142693	1.04804	0.869207	0.166327	0.0703512	1284.5	1422.52	
0.175547	0.14229	1.08006	0.836924	0.143357	0.0602257	1297.71	1488.55	
0.177366	0.142404	1.11265	0.854279	0.138692	0.0630601	1304.53	1522.65	
0.210674	0.109173	1.01109	0.652155	0.0725306	-0.00484729	1461.14	2305.71	
0.22204	0.108849	1.04273	0.757761	0.105608	-0.0420035	1431.94	2159.71	
0.218931	0.10821	1.07487	0.690217	0.0868964	-0.0386171	1458.15	2290.76	
0.21701	0.107972	1.10839	0.627362	0.0897032	0.0262288	1496.58	2482.91	
0.215992	0.142815	1.01108	0.769422	0.162311	-0.0391553	1249.58	1247.89	
0.232715	0.143925	1.04474	0.963677	0.125358	-0.0641866	1248.71	1243.54	
0.230316	0.14276	1.07734	0.91841	0.0963832	-0.0223963	1254.21	1271.04	
0.233087	0.142163	1.11059	0.953411	0.0629882	0.0212589	1271.96	1359.79	
0.260962	0.11305	0.99412	0.520211	0.103191	-0.243147	1094.84	474.194	
0.274004	0.10983	1.03555	0.601511	0.0673472	-0.219064	1326.06	1630.32	
0.277901	0.108002	1.07219	0.724184	0.0479771	-0.119842	1365.98	1829.89	
0.272439	0.108165	1.10594	0.59254	0.0342645	-0.0569808	1405.65	2028.25	
0.268797	0.14524	1.00055	0.790647	0.161512	-0.247191	1020.66	103.303	
0.287129	0.143008	1.0423	0.89483	0.0625392	-0.166568	1207.08	1035.41	
0.290138	0.141052	1.07633	0.987594	0.0014253	-0.107009	1182.78	913.891	
0.294169	0.139738	1.1094	1.06998	-0.0875143	-0.0357526	1208.9	1044.52	
0.167059	0.107882	1.14236	0.628798	0.131918	0.0599666	1570.86	2854.31	
0.167056	0.10774	1.17513	0.633154	0.101913	0.0873362	1553.69	2768.46	
0.167396	0.108266	1.20734	0.650385	0.114595	0.0750905	1526.11	2630.55	
0.167644	0.108866	1.23993	0.664143	0.134678	0.041747	1489.31	2446.54	
0.167518	0.109496	1.2735	0.668537	0.157508	0.0186221	1449.03	2245.13	
0.178412	0.141818	1.14418	0.854746	0.122041	0.0841531	1313.56	1567.78	
0.176954	0.142167	1.17596	0.808167	0.116471	0.10066	1312.69	1563.46	
0.177835	0.142621	1.20783	0.83452	0.127149	0.0955261	1302.78	1513.91	
0.178586	0.14328	1.24027	0.859791	0.151862	0.0731089	1272.25	1361.26	
0.17981	0.144154	1.27471	0.90197	0.19693	0.0893953	1221.43	1107.14	
0.22179	0.108049	1.14023	0.713276	0.0497015	0.040847	1489.15	2445.76	
0.220483	0.107318	1.17255	0.695274	0.017542	0.0636555	1491.38	2456.91	
0.2216	0.108084	1.20492	0.723447	0.0262832	0.0604185	1455.33	2276.66	
0.221733	0.108936	1.2374	0.736493	0.0533489	0.0480411	1402.63	2013.15	
0.219524	0.110029	1.27186	0.696951	0.101929	0.0808483	1350.36	1751.81	
0.23565	0.14177	1.14205	0.979504	0.0410662	0.0560001	1292.93	1464.64	
0.232636	0.141647	1.17341	0.911755	0.0248172	0.0637152	1298.75	1493.74	
0.233915	0.142394	1.20535	0.943093	0.0345253	0.0793264	1283.95	1419.75	
0.234645	0.143378	1.23792	0.969484	0.0660063	0.0847206	1243.21	1216.04	
0.23585	0.144544	1.27286	1.01225	0.11989	0.115592	1187.1	935.517	
0.278052	0.107669	1.13846	0.713841	-0.0030153	0.00464746	1429.19	2145.96	
0.277912	0.107068	1.17148	0.70477	-0.0434826	0.0713212	1428.32	2141.6	
0.278023	0.108073	1.20393	0.713211	-0.0312977	0.0922498	1383.23	1916.13	
0.279109	0.109215	1.2371	0.742623	-0.00139011	0.0937266	1314.92	1574.6	
0.275654	0.110863	1.27117	0.69906	0.0537842	0.0956191	1236.39	1181.96	
0.296812	0.139417	1.14125	1.10913	-0.111626	0.0237588	1232.33	1161.63	
0.292608	0.140117	1.17216	1.00001	-0.089462	0.0592775	1253.37	1266.84	
0.294131	0.140948	1.20427	1.03874	-0.0834132	0.0926929	1231.54	1157.72	
0.295027	0.142315	1.23681	1.05691	-0.0475681	0.0968261	1189.04	945.192	
0.297048	0.143544	1.27184	1.11031	-0.0048659	0.136166	1108	540.014	
0.169967	0.111059	1.30882	0.703426	0.208747	0.0872575	1352.91	1764.53	
0.168883	0.112375	1.34791	0.701374	0.257637	0.245479	1246	1229.98	
0.169307	0.114718	1.39048	0.732451	0.293999	0.420603	1111.55	557.77	
0.182526	0.14785	1.3526	0.971719	0.317197	0.389152	1056.76	283.813	
0.181174	0.145602	1.3128	0.902475	0.266644	0.239032	1141.38	706.91	
0.223818	0.112152	1.30797	0.759525	0.14082	0.16536	1232.36	1161.78	
0.221378	0.113433	1.34768	0.729703	0.194268	0.296088	1129.63	648.133	
0.220123	0.116246	1.39044	0.707045	0.226599	0.421975	1005.21	26.0315	
0.279451	0.113049	1.30758	0.742291	0.11362	0.195058	1130.71	653.543	
0.277048	0.114735	1.3473	0.698432	0.171066	0.313566	1018.58	92.8902	
0.273987	0.117915	1.38989	0.639216	0.213081	0.431688	904.641	-476.795	
0.217876	0.118884	1.4347	0.685888	0.230802	0.452971	941.682	-291.592	
0.269189	0.121929	1.43179	0.585107	0.257738	0.390549	827.362	-863.188	
0.170908	0.117262	1.43611	0.738198	0.29805	0.492265	990.855	-45.7247	
0.17055	0.118792	1.48493	0.666395	0.295707	0.47246	911.115	-444.426	
0.171475	0.122189	1.53671	0.559671	0.331825	0.381352	815.41	-922.949	
0.215191	0.120029	1.48104	0.627724	0.202317	0.425206	932.704	-336.479	
0.212338	0.123288	1.53265	0.492927	0.275744	0.419233	879.963	-600.187	
0.262139	0.124651	1.47733	0.558796	0.263404	0.403233	861.693	-691.537	
0.254398	0.128172	1.52156	0.560421	0.299049	0.39208	904.388	-478.062	
0.172285	0.171692	1.01303	0.751957	0.11594	0.0663261	1286.57	1432.86	
0.171463	0.202866	1.01326	0.748301	0.0617234	0.0698786	1244.7	1223.48	
0.172394	0.234794	1.01377	0.78009	-0.00981647	0.0833515	1211.85	1059.26	
0.172867	0.267509	1.01391	0.796158	-0.106244	0.0880983	1197.2	986.009	
0.182237	0.173316	1.04769	0.9335	0.110339	0.0511669	1279.07	1395.35	
0.182808	0.173581	1.07995	0.939812	0.0923909	0.0449479	1305.25	1526.25	
0.183255	0.173834	1.11225	0.905809	0.0960602	0.03638	1310.34	1551.7	
0.180393	0.20436	1.04807	0.88433	0.033189	0.0573797	1259.81	1299.04	
0.180285	0.204693	1.08008	0.871473	0.023145	0.0477269	1286	1430.02	
0.181972	0.205777	1.11241	0.877852	0.0436301	0.0436293	1291.04	1455.22	
0.181324	0.236127	1.04822	0.916973	-0.0553235	0.0652854	1233.12	1165.59	
0.181574	0.236756	1.07999	0.914745	-0.0528276	0.0464067	1259.15	1295.76	
0.183115	0.237712	1.11248	0.914996	-0.0376249	0.0471775	1266.58	1332.9	
0.182194	0.268694	1.04796	0.941654	-0.146442	0.0627129	1233.76	1168.8	
0.182037	0.269123	1.07987	0.920217	-0.147954	0.0466559	1255.74	1278.71	
0.183103	0.2698	1.11232	0.909506	-0.133707	0.0479717	1261.42	1307.1	
0.226512	0.172172	1.00917	0.948521	0.113255	-0.145723	1228.34	1141.71	
0.243596	0.173596	1.04272	1.15329	0.081289	-0.129097	1277.69	1388.43	
0.244096	0.172493	1.07681	1.18305	0.0395336	-0.0547685	1284.93	1424.65	
0.241123	0.17264	1.10974	1.0729	0.0338391	-0.0438692	1318.16	1590.81	
0.224316	0.201945	1.01039	0.892068	0.0594678	-0.116769	1199.02	995.088	
0.239614	0.203623	1.04357	1.04138	0.0197567	-0.103809	1278.34	1391.71	
0.239444	0.20232	1.07688	1.04106	-0.0223622	-0.0512433	1283.88	1419.4	
0.239461	0.203799	1.10981	1.02248	-0.00298347	-0.0386642	1309.32	1546.58	
0.225186	0.2326	1.01093	0.902568	-0.015714	-0.11108	1164.72	823.616	
0.240433	0.234507	1.04383	1.04566	-0.0429576	-0.0986785	1253.49	1267.44	
0.241284	0.233574	1.07728	1.08044	-0.0743682	-0.0377587	1253.75	1268.77	
0.241106	0.234856	1.11008	1.05962	-0.0606971	-0.03017	1285.8	1428.99	
0.224329	0.264279	1.0116	0.886439	-0.107788	-0.0934643	1159.48	797.424	
0.239077	0.265546	1.04438	1.02788	-0.168064	-0.0876859	1263.12	1315.61	
0.2389	0.264919	1.0776	1.03246	-0.190622	-0.0329178	1264.48	1322.42	
0.238842	0.265933	1.11049	1.00001	-0.180643	-0.0178933	1293.84	1469.21	
0.277328	0.172973	0.997064	0.8652	0.0736634	-0.280735	1024.61	123.047	
0.29929	0.171909	1.0411	1.08392	-0.00621055	-0.173802	1255.59	1277.94	
0.30062	0.169638	1.10846	1.13252	-0.140109	-0.0791141	1305.23	1526.14	
0.278028	0.202401	0.999393	0.907687	0.0251485	-0.277107	1013.42	67.0863	
0.295661	0.20082	1.04157	1.0098	-0.0706134	-0.200562	1251.54	1257.7	
0.302298	0.199721	1.0759	1.17997	-0.130781	-0.144499	1278.5	1392.51	
0.299401	0.201001	1.10824	1.0853	-0.154185	-0.106572	1310.31	1551.54	
0.278392	0.231373	1.00066	0.871998	-0.0710235	-0.2678	1020.59	102.937	
0.296994	0.230544	1.04304	1.0136	-0.160755	-0.171936	1265.36	1326.82	
0.277411	0.26111	1.00275	0.877973	-0.137284	-0.261434	1023.12	115.579	
0.293418	0.260729	1.04307	0.94118	-0.235099	-0.193502	1257.06	1285.28	
0.299389	0.260784	1.07671	1.09317	-0.251229	-0.133429	1287.58	1437.91	
0.296236	0.262213	1.10901	0.97909	-0.232658	-0.0770123	1311.59	1557.93	
0.185261	0.173104	1.14408	0.925312	0.0951049	0.0576999	1318.41	1592.06	
0.185096	0.173467	1.17621	0.9257	0.0876821	0.0850414	1327.89	1639.45	
0.185836	0.173664	1.20814	0.946332	0.100626	0.0990976	1321.03	1605.13	
0.186451	0.173879	1.24061	0.963998	0.116379	0.0899886	1291.35	1456.73	
0.186396	0.17431	1.27497	0.956673	0.136982	0.124018	1232.53	1162.67	
0.181862	0.203921	1.14431	0.818618	0.033459	0.0616734	1303.42	1517.11	
0.18188	0.204413	1.17654	0.827136	0.0303358	0.0946666	1311.55	1557.75	
0.182832	0.204552	1.20861	0.85084	0.0470195	0.113434	1305.71	1528.57	
0.183855	0.204632	1.24115	0.881663	0.0596612	0.116221	1272.16	1360.81	
0.185476	0.205307	1.27539	0.932082	0.0869434	0.149146	1207.51	1037.53	
0.183528	0.235636	1.14445	0.875667	-0.0419653	0.0656434	1278.91	1394.53	
0.183734	0.236084	1.17657	0.884967	-0.0401101	0.0998694	1290.17	1450.85	
0.184513	0.236086	1.20866	0.902929	-0.0251656	0.119027	1282.45	1412.23	
0.185526	0.236023	1.24124	0.933801	-0.0184882	0.124283	1248.75	1243.75	
0.18701	0.236295	1.2757	0.978896	-0.011708	0.166947	1180.23	901.131	
0.185065	0.267382	1.14464	0.917436	-0.159839	0.0751962	1276.22	1381.09	
0.183784	0.267541	1.17658	0.876368	-0.151535	0.10218	1286.39	1431.95	
0.184911	0.26747	1.20874	0.905845	-0.142772	0.122649	1276.45	1382.24	
0.186033	0.267301	1.24138	0.941728	-0.14233	0.12821	1240.76	1203.78	
0.18762	0.26738	1.27583	0.992469	-0.142026	0.170003	1170.83	854.159	
0.247424	0.172164	1.14175	1.19251	0.0175981	-0.00315365	1333.28	1666.39	
0.246273	0.171674	1.17321	1.17708	2.75831e-05	0.0288768	1348.56	1742.78	
0.247814	0.172263	1.20525	1.21586	0.0153466	0.0671883	1333.35	1666.74	
0.248037	0.172851	1.23805	1.2204	0.0451457	0.100672	1287.74	1438.72	
0.245711	0.173972	1.27304	1.16844	0.0925248	0.145543	1224.07	1120.33	
0.241949	0.202117	1.14186	1.00894	-0.0333444	0.000222586	1340.64	1703.18	
0.241645	0.20167	1.1739	1.01051	-0.0504819	0.0489493	1350.42	1752.11	
0.243061	0.202183	1.2061	1.04337	-0.0316763	0.0980826	1338.04	1690.22	
0.244135	0.202741	1.2389	1.08006	0.00049931	0.141081	1291.37	1456.84	
0.244359	0.204241	1.2738	1.11186	0.0613487	0.182148	1212	1059.99	
0.243946	0.23292	1.14238	1.05573	-0.0784715	0.0144514	1315.04	1575.21	
0.243533	0.232532	1.17419	1.05466	-0.0903431	0.0588504	1330.06	1650.28	
0.245029	0.23302	1.20636	1.08782	-0.0696076	0.110132	1315.91	1579.53	
0.246001	0.23335	1.23927	1.11915	-0.0473787	0.157319	1268.91	1344.54	
0.245996	0.234237	1.27427	1.14502	-0.0120462	0.203083	1190.64	953.188	
0.244013	0.263453	1.14272	1.07019	-0.208707	0.0234163	1328.07	1640.34	
0.241409	0.26303	1.17423	0.997322	-0.215846	0.0634688	1341.74	1708.7	
0.243132	0.263318	1.20656	1.04054	-0.200905	0.118227	1325.58	1627.91	
0.244367	0.263535	1.23945	1.08464	-0.183898	0.163563	1275.82	1379.11	
0.245004	0.264197	1.27449	1.12961	-0.16146	0.207681	1192.98	964.876	
0.181884	0.150547	1.39709	0.957126	0.383718	0.558607	982.434	-87.8297	
0.238089	0.146834	1.31044	1.03811	0.178833	0.250188	1104.33	521.664	
0.236121	0.148887	1.35179	1.02499	0.248224	0.404009	1025.74	128.688	
0.297567	0.14678	1.31034	1.09494	0.0931878	0.270217	1031.6	157.979	
0.234399	0.151475	1.39669	0.972158	0.260467	0.531421	983.926	-80.3689	
0.29391	0.149769	1.35152	1.03227	0.192078	0.421974	954.333	-228.334	
0.289686	0.152369	1.39685	0.912592	0.196276	0.561955	929.625	-351.873	
0.188578	0.1754	1.31246	0.983183	0.180853	0.254099	1141.48	707.385	
0.188011	0.176651	1.35464	0.99714	0.23788	0.453187	1059.54	297.696	
0.188515	0.178784	1.40089	0.99881	0.30098	0.609521	1000.69	3.43946	
0.187543	0.205457	1.31375	0.958244	0.106064	0.298426	1110.35	551.755	
0.188256	0.206105	1.35567	1.02404	0.160725	0.470439	1019.24	96.2157	
0.18979	0.207677	1.40138	1.05225	0.224759	0.612185	971.781	-141.095	
0.189169	0.235716	1.31427	1.00905	-0.0107249	0.314917	1082.73	413.662	
0.190006	0.235727	1.35608	1.07317	0.0263291	0.483298	996.182	-19.0913	
0.191554	0.236772	1.40154	1.10236	0.0797369	0.617104	955.689	-221.557	
0.190491	0.266326	1.31436	1.05125	-0.156375	0.310275	1074.55	372.768	
0.191042	0.265973	1.35613	1.1036	-0.133553	0.481485	986.831	-65.845	
0.192548	0.266517	1.40139	1.12727	-0.0929414	0.610477	945.945	-270.275	
0.248354	0.175769	1.31225	1.17016	0.131147	0.321839	1127.02	635.118	
0.24589	0.176923	1.35459	1.13514	0.19781	0.472146	1048.06	240.284	
0.24263	0.179312	1.40013	1.05043	0.241921	0.58007	1013.68	68.4057	
0.246673	0.20534	1.3133	1.12383	0.0939954	0.360653	1116.78	583.895	
0.245478	0.206524	1.35592	1.12877	0.167208	0.50094	1033.11	165.541	
0.243126	0.208796	1.40115	1.07046	0.21841	0.589257	1005.31	26.5368	
0.248242	0.234464	1.31394	1.15061	0.000142404	0.377469	1096.77	483.842	
0.246718	0.235069	1.35645	1.14479	0.0528019	0.511219	1021.36	106.797	
0.244113	0.236919	1.40157	1.07549	0.0930478	0.595271	1006.39	31.9701	
0.248355	0.263708	1.31398	1.178	-0.155014	0.361526	1102.44	512.199	
0.246818	0.264081	1.35642	1.16954	-0.120928	0.503693	1029.25	146.261	
0.244443	0.26537	1.40138	1.09698	-0.0837393	0.585517	1014.9	74.522	
0.298822	0.179126	1.40068	1.02762	0.122908	0.606438	971.76	-141.202	
0.300374	0.20896	1.40233	1.08946	0.121421	0.627262	985.165	-74.1744	
0.183228	0.153651	1.44466	0.903731	0.39788	0.601504	948.76	-256.2	
0.18102	0.153741	1.49686	0.736341	0.319834	0.575367	938.32	-308.399	
0.284587	0.154748	1.43978	0.84148	0.139349	0.510586	919.619	-401.904	
0.231323	0.153041	1.44347	0.888932	0.177411	0.564761	1002.11	10.5546	
0.181654	0.157415	1.54786	0.632658	0.296764	0.403467	901.567	-492.166	
0.227742	0.150946	1.49326	0.785808	0.061031	0.567881	1071.22	356.093	
0.189157	0.180781	1.44878	0.936483	0.312064	0.631341	975.514	-122.432	
0.191297	0.210404	1.44814	0.984599	0.270806	0.6248	961.281	-193.594	
0.192884	0.239054	1.44775	1.01857	0.133659	0.599792	957.924	-210.382	
0.193132	0.26813	1.44753	1.01964	-0.0506543	0.58954	953.999	-230.006	
0.238615	0.181156	1.44727	0.968032	0.224291	0.603435	1019.56	97.8204	
0.239155	0.21118	1.44765	0.986567	0.21619	0.609206	1028.03	140.162	
0.239833	0.239462	1.44757	0.985223	0.121582	0.591036	1047.31	236.536	
0.240136	0.267206	1.44725	0.992298	-0.0484027	0.578601	1058.67	293.331	
0.292105	0.180873	1.44468	0.971163	0.0962915	0.568267	945.885	-270.574	
0.294513	0.211662	1.44566	1.05106	0.11881	0.600504	964.821	-175.895	
0.295476	0.239585	1.44564	1.08382	0.0636117	0.600965	986.54	-67.2984	
0.295654	0.268361	1.44485	1.07332	-0.00734816	0.586714	989.559	-52.2058	
0.186319	0.181116	1.49997	0.738109	0.27767	0.605059	972.024	-139.881	
0.187734	0.210519	1.50011	0.745689	0.252475	0.607038	969.014	-154.932	
0.188043	0.238541	1.49998	0.719854	0.140685	0.586858	980.346	-98.2709	
0.1874	0.267207	1.49973	0.699499	-0.013533	0.575692	977.42	-112.898	
0.225412	0.152495	1.54486	0.646167	0.0905518	0.540083	988.059	-59.7052	
0.276539	0.151714	1.48859	0.794673	0.00607979	0.495675	972.349	-138.257	
0.185095	0.181972	1.55091	0.617062	0.159816	0.48849	940.174	-299.128	
0.185957	0.212695	1.55075	0.601277	0.155643	0.51162	950.421	-247.895	
0.185844	0.241029	1.55033	0.555923	0.0715164	0.520151	976.547	-117.263	
0.184794	0.269941	1.55065	0.528789	-0.0218567	0.507603	976.901	-115.497	
0.267582	0.152326	1.53143	0.727156	0.0431866	0.48993	966.111	-169.447	
0.234464	0.181654	1.49642	0.830864	0.190503	0.605961	1038.9	194.507	
0.230858	0.182465	1.54911	0.698763	0.1376	0.613959	985.071	-74.6461	
0.235022	0.211198	1.49688	0.844172	0.14771	0.624111	1031.85	159.23	
0.232278	0.21245	1.54982	0.744818	0.0949806	0.664273	992.256	-38.7222	
0.235249	0.239016	1.4969	0.833125	0.0627001	0.610746	1058.16	290.777	
0.232135	0.240704	1.55009	0.735562	0.0314854	0.693237	1018.13	90.6738	
0.234704	0.266854	1.49708	0.833115	-0.0470702	0.604454	1069.92	349.577	
0.231854	0.269236	1.55062	0.735309	-0.0301658	0.706702	1022.06	110.293	
0.28496	0.181911	1.49306	0.933293	0.0868153	0.557104	958.25	-208.75	
0.275127	0.181741	1.53652	0.818347	0.0816581	0.561477	930.307	-348.464	
0.287773	0.211978	1.49463	1.04038	0.0600368	0.588887	978.015	-109.923	
0.278445	0.212207	1.53834	0.924614	0.0310105	0.640393	939.506	-302.469	
0.288571	0.240081	1.49428	1.09221	0.0103243	0.566889	1000.84	4.18062	
0.27945	0.240284	1.5387	0.993625	-0.0230227	0.69581	963.943	-180.285	
0.288134	0.268972	1.4934	1.0902	-0.0282053	0.546965	1013.17	65.8391	
0.279239	0.270221	1.53833	1.01584	-0.022579	0.699707	981.36	-93.1983	
0.160449	0.401409	1.01139	0.644136	-0.101496	0.0722112	1475.84	2379.18	
0.163319	0.40416	1.04341	0.662402	-0.151138	0.0421107	1474.1	2370.48	
0.162776	0.40412	1.07646	0.65089	-0.128966	0.0163162	1478.26	2391.3	
0.174877	0.299728	1.01438	0.805197	-0.207556	0.105743	1202.41	1012.07	
0.172406	0.332059	1.01356	0.807011	-0.284807	0.0818048	1236.96	1184.79	
0.16698	0.362557	1.01248	0.702724	-0.352376	0.0693414	1266.81	1334.04	
0.176313	0.365817	1.0473	0.889263	-0.360101	0.0601111	1211.69	1058.43	
0.177087	0.367066	1.07998	0.903613	-0.325236	0.061492	1222.67	1113.33	
0.180187	0.368264	1.11359	0.962507	-0.271534	0.0789572	1242.58	1212.89	
0.16323	0.401213	1.10992	0.622208	-0.269258	0.0338907	1446.27	2231.33	
0.183885	0.300035	1.0487	0.966572	-0.282274	0.0860237	1233.89	1169.45	
0.18431	0.301173	1.08035	0.967628	-0.257607	0.0609124	1258.35	1291.75	
0.185223	0.30133	1.11303	0.945999	-0.240226	0.0525699	1259	1295.01	
0.178014	0.331077	1.04842	0.850217	-0.388403	0.0843215	1236.33	1181.67	
0.177485	0.332368	1.08021	0.825691	-0.350429	0.0522417	1249.41	1247.04	
0.179416	0.333264	1.11251	0.839364	-0.32146	0.0560558	1240.75	1203.75	
0.228942	0.294567	1.01098	0.975459	-0.2616	-0.124378	1156.93	784.664	
0.244753	0.295863	1.04387	1.14972	-0.300264	-0.107472	1257.43	1287.17	
0.245308	0.295611	1.07767	1.16943	-0.305039	-0.0374183	1254.46	1272.28	
0.244088	0.2964	1.11069	1.11212	-0.274927	-0.029083	1288.17	1440.86	
0.226064	0.325089	1.01148	0.963291	-0.356325	-0.087958	1160.96	804.808	
0.241291	0.326926	1.04421	1.10825	-0.37157	-0.0850192	1246.58	1232.89	
0.24098	0.326179	1.0775	1.09684	-0.381544	-0.0315494	1243.9	1219.49	
0.241222	0.328602	1.10994	1.08152	-0.314748	-0.0200779	1251.15	1255.75	
0.222663	0.357416	1.01181	0.91103	-0.304901	-0.0419536	1142.23	711.155	
0.236057	0.359827	1.04431	1.01347	-0.294477	-0.0659501	1178.14	890.677	
0.236064	0.359674	1.07713	1.0226	-0.305063	-0.02064	1165.13	825.666	
0.236995	0.362199	1.11012	1.02813	-0.241	0.0219036	1165.9	829.5	
0.210285	0.39424	1.01204	0.720276	-0.159283	0.0313832	1185.04	925.21	
0.218034	0.398089	1.04234	0.764588	-0.158534	-0.0145159	1192.66	963.287	
0.21773	0.396685	1.07468	0.795015	-0.171121	-0.0277943	1169.68	848.409	
0.217173	0.399523	1.10855	0.751257	-0.142364	0.0374883	1220	1099.98	
0.28054	0.290887	1.00067	0.913115	-0.226884	-0.240669	1002.47	12.3289	
0.301005	0.290678	1.04324	1.0801	-0.2825	-0.149411	1232.52	1162.58	
0.280262	0.322512	1.00235	0.954222	-0.224717	-0.177681	982.14	-89.3023	
0.297597	0.32316	1.04387	1.05501	-0.216959	-0.126018	1174.29	871.453	
0.276223	0.355078	1.00364	0.871106	-0.15312	-0.104174	980.031	-99.8433	
0.29592	0.360044	1.04582	0.989329	-0.109166	-0.0531669	1070.17	350.827	
0.260646	0.393271	1.0029	0.652066	-0.0780125	-0.0431119	930.837	-345.816	
0.272139	0.395342	1.03859	0.761605	-0.0938683	-0.115983	1052.96	264.777	
0.275021	0.395925	1.07385	0.82832	-0.091056	-0.0537197	1024.59	122.934	
0.27404	0.397201	1.10801	0.826168	-0.0865743	0.00147281	1060.71	303.575	
0.182198	0.365656	1.1451	0.98479	-0.296946	0.084408	1247.61	1238.06	
0.181735	0.366602	1.17661	0.980982	-0.265505	0.101761	1251.24	1256.22	
0.182487	0.365758	1.20817	0.999674	-0.273612	0.0950763	1238.29	1191.43	
0.183129	0.365019	1.24063	1.01984	-0.294193	0.0889951	1207.59	1037.94	
0.183706	0.364382	1.27552	1.03214	-0.320412	0.129833	1134.32	671.589	
0.165776	0.399659	1.14331	0.677863	-0.249365	0.0698438	1395.06	1975.3	
0.164672	0.399996	1.17569	0.652877	-0.229985	0.0880954	1395.23	1976.14	
0.165567	0.399327	1.20832	0.683235	-0.228643	0.0911729	1362.87	1814.36	
0.166314	0.398508	1.24103	0.714977	-0.248704	0.076243	1319.94	1599.7	
0.167158	0.398162	1.27491	0.734909	-0.271213	0.0861063	1254.46	1272.3	
0.186906	0.298607	1.14537	0.94543	-0.283342	0.0885479	1270.42	1352.11	
0.187075	0.299123	1.17695	0.953369	-0.271929	0.104207	1284.51	1422.53	
0.18792	0.298714	1.2088	0.973702	-0.273699	0.122463	1274.09	1370.46	
0.188853	0.298404	1.24141	1.00151	-0.278039	0.128371	1239.58	1197.92	
0.189693	0.29802	1.27616	1.02618	-0.286144	0.171815	1171.18	855.888	
0.180173	0.330027	1.14486	0.807864	-0.359131	0.0823289	1248.21	1241.07	
0.179291	0.330323	1.17697	0.790947	-0.342376	0.103972	1256.19	1280.95	
0.180412	0.329849	1.20909	0.818428	-0.342395	0.125318	1247.73	1238.64	
0.181774	0.329325	1.24176	0.860662	-0.353624	0.134847	1213.32	1066.6	
0.183936	0.329283	1.27548	0.92259	-0.368407	0.150941	1155.41	777.044	
0.248402	0.293698	1.14292	1.15582	-0.315695	0.0109921	1316.97	1584.84	
0.248064	0.29339	1.17427	1.15899	-0.315029	0.0539231	1339.44	1697.18	
0.249514	0.293467	1.20629	1.19214	-0.305231	0.104128	1319.58	1597.91	
0.250259	0.293451	1.23926	1.21472	-0.296672	0.152969	1266.73	1333.63	
0.249547	0.293536	1.27478	1.21293	-0.290144	0.206806	1185.79	928.936	
0.244361	0.324443	1.14253	1.09252	-0.368846	0.0156377	1283.25	1416.25	
0.244458	0.324404	1.17395	1.10227	-0.369867	0.0472881	1301.72	1508.58	
0.24562	0.324203	1.20576	1.12902	-0.366324	0.0889961	1285	1425.01	
0.246673	0.323921	1.23852	1.16421	-0.364591	0.129199	1235.28	1176.42	
0.246666	0.32482	1.27299	1.18833	-0.343688	0.160456	1150.82	754.108	
0.241096	0.358623	1.14265	1.08259	-0.252526	0.0357676	1176.67	883.338	
0.23974	0.358679	1.17365	1.05908	-0.242676	0.0576972	1188.78	943.908	
0.240764	0.358407	1.20543	1.07552	-0.233168	0.0816465	1173.33	866.652	
0.241363	0.35789	1.23811	1.09099	-0.239946	0.11399	1136.55	682.725	
0.241002	0.358409	1.27286	1.097	-0.23714	0.161639	1071.48	357.402	
0.222954	0.397492	1.142	0.846307	-0.0982006	0.060078	1176.37	881.872	
0.221249	0.398023	1.17358	0.834284	-0.0699109	0.0717628	1176.96	884.792	
0.222382	0.397468	1.20609	0.855906	-0.0683588	0.0870553	1151.96	759.794	
0.222752	0.396523	1.23874	0.874044	-0.0903354	0.102894	1111.76	558.786	
0.221654	0.396227	1.2738	0.850287	-0.134322	0.173587	1061.34	306.696	
0.279326	0.396181	1.1417	0.883814	-0.0433189	0.0509197	1050.88	254.395	
0.278885	0.395891	1.17355	0.901702	-0.0282468	0.0895659	1047.18	235.922	
0.27956	0.395205	1.20566	0.908659	-0.0322749	0.121274	1022.74	113.675	
0.279831	0.39411	1.23843	0.901764	-0.0614853	0.14718	981.288	-93.5593	
0.278223	0.393174	1.27312	0.896332	-0.125387	0.178863	925.647	-371.763	
0.185763	0.359447	1.35336	1.05708	-0.424987	0.383822	996.58	-17.0982	
0.184673	0.356825	1.39723	1.02492	-0.437322	0.526325	927.919	-360.405	
0.17061	0.398383	1.31167	0.788268	-0.275854	0.165047	1162.27	811.35	
0.16957	0.394657	1.35073	0.808377	-0.333291	0.293182	1049.64	248.202	
0.17096	0.392881	1.39171	0.853708	-0.328679	0.433784	954.654	-226.732	
0.191778	0.296393	1.31453	1.04794	-0.330697	0.316319	1082.83	414.171	
0.192272	0.295919	1.356	1.09455	-0.305947	0.474429	998.13	-9.34805	
0.192933	0.296217	1.40123	1.0931	-0.258176	0.586353	958.718	-206.41	
0.189193	0.327211	1.31397	1.04196	-0.425972	0.292026	1087.92	439.603	
0.187969	0.325675	1.35549	1.05889	-0.417893	0.464319	999.047	-4.76606	
0.1903	0.325379	1.4011	1.10848	-0.350022	0.612234	951.23	-243.849	
0.181746	0.356708	1.31417	0.961882	-0.481458	0.269381	1051.24	256.177	
0.251926	0.292404	1.31397	1.22411	-0.31236	0.36073	1093.07	465.374	
0.249781	0.29218	1.35599	1.19286	-0.283258	0.489877	1022.48	112.382	
0.246221	0.293099	1.4009	1.09942	-0.244699	0.573158	999.592	-2.03808	
0.249103	0.322924	1.31245	1.20543	-0.36312	0.316232	1066.77	333.853	
0.247139	0.322382	1.35455	1.17164	-0.345918	0.453323	993.531	-32.3456	
0.243165	0.322783	1.39967	1.05961	-0.311283	0.553866	969.197	-154.015	
0.242826	0.356493	1.3116	1.08699	-0.240468	0.280323	1003.96	19.7983	
0.240794	0.355362	1.35231	1.05379	-0.230531	0.399952	958.04	-209.802	
0.237794	0.355424	1.39666	0.967449	-0.179342	0.505484	956.82	-215.901	
0.224288	0.392927	1.31102	0.855074	-0.182321	0.24317	951.688	-241.562	
0.22264	0.391588	1.34957	0.847789	-0.213574	0.326837	904.215	-478.927	
0.22162	0.389083	1.39128	0.816041	-0.27045	0.417882	860.852	-695.739	
0.297901	0.353953	1.35027	0.894881	-0.195547	0.345946	851.978	-740.108	
0.291405	0.353599	1.39587	0.757813	-0.17953	0.495806	890.22	-548.902	
0.278498	0.390505	1.31073	0.807943	-0.185081	0.257154	862.751	-686.244	
0.274875	0.388218	1.34888	0.723535	-0.245009	0.304206	812.119	-939.407	
0.270459	0.384618	1.39043	0.610658	-0.359071	0.411121	805.118	-974.41	
0.267991	0.380179	1.42813	0.655409	-0.526117	0.2055	809.275	-953.623	
0.172767	0.39226	1.43673	0.828723	-0.344275	0.485898	879.347	-603.267	
0.218024	0.386456	1.43445	0.703701	-0.349376	0.405377	860.551	-697.245	
0.284264	0.355008	1.43552	0.727985	-0.0777832	0.304794	928.275	-358.623	
0.172089	0.388166	1.48502	0.67361	-0.360816	0.462098	826.823	-865.887	
0.193079	0.2962	1.44834	0.990824	-0.25476	0.583384	961.815	-190.925	
0.190364	0.325955	1.44707	0.956113	-0.328086	0.575343	961.714	-191.43	
0.1858	0.355391	1.44456	0.963012	-0.304833	0.556792	924.671	-376.647	
0.241139	0.293949	1.44732	0.99307	-0.21195	0.577875	1029.68	148.378	
0.23802	0.323761	1.44546	0.948586	-0.273364	0.535439	994.613	-26.9342	
0.232715	0.356997	1.44208	0.848773	-0.0808893	0.460641	1018.06	90.2966	
0.295562	0.296052	1.44433	1.03951	-0.0846084	0.546554	949.657	-251.714	
0.292326	0.328899	1.44144	0.921531	-0.0151479	0.443275	919.872	-400.642	
0.188024	0.295246	1.49998	0.69749	-0.183403	0.562151	973.96	-130.198	
0.186123	0.324767	1.49897	0.690655	-0.246633	0.546727	957.905	-210.477	
0.182611	0.35612	1.4955	0.684577	-0.124369	0.490405	957.404	-212.98	
0.172546	0.386663	1.53198	0.536455	-0.432796	0.224376	797.291	-1013.55	
0.18511	0.297958	1.55029	0.531962	-0.125201	0.47485	961.458	-192.712	
0.184097	0.328952	1.54879	0.53944	-0.124778	0.392389	941.416	-292.918	
0.182978	0.356565	1.54406	0.554406	-0.134758	0.246971	929.49	-352.552	
0.236263	0.294031	1.49686	0.844566	-0.166478	0.593592	1047.75	238.735	
0.232612	0.297212	1.54976	0.721406	-0.0827536	0.646882	995.334	-23.3276	
0.233474	0.323232	1.49491	0.801703	-0.229494	0.557838	1008.43	42.1563	
0.230546	0.327065	1.54725	0.680231	-0.127319	0.544465	973.499	-132.506	
0.227972	0.356638	1.49059	0.695088	-0.0563716	0.45323	1108.69	543.464	
0.225918	0.358556	1.54174	0.562868	-0.0767533	0.420359	1005.59	27.9692	
0.214441	0.385525	1.4804	0.566556	-0.287379	0.365289	910.067	-449.666	
0.211534	0.384409	1.52719	0.382139	-0.33537	0.275958	899.267	-503.663	
0.28785	0.297326	1.49336	1.0397	-0.0586518	0.536111	980.98	-95.1005	
0.278209	0.298763	1.53757	0.937171	-0.0215562	0.631713	953.297	-233.516	
0.284175	0.327122	1.49107	0.894073	-0.0981579	0.488579	939.827	-300.864	
0.274799	0.329368	1.53491	0.784913	-0.0833191	0.499757	921.248	-393.759	
0.275761	0.357901	1.48589	0.712131	-0.0451717	0.352287	975.81	-120.949	
0.267678	0.358371	1.52935	0.641722	-0.101731	0.389443	959.7	-201.5	
0.258935	0.380912	1.47519	0.500568	-0.36964	0.280143	880.915	-595.424	
0.25408	0.380241	1.51809	0.495138	-0.295204	0.272312	946.342	-268.292	
0.299846	0.114401	0.967279	0.408621	0.0399083	-0.133534	1006.63	33.1442	
0.370287	0.115451	0.966597	0.418652	-0.00619005	0.0498501	1042.77	213.841	
0.392806	0.116596	0.93933	0.268256	0.0108616	0.388761	871.174	-644.132	
0.43526	0.12009	0.947786	0.127483	0.131348	0.229166	924.05	-379.75	
0.309835	0.110421	1.01114	0.781409	-0.0132416	-0.138328	1222.8	1114.02	
0.317863	0.141358	1.01267	0.952801	-0.0568331	-0.151406	1145.7	728.517	
0.349115	0.113451	0.992107	0.544044	-0.0645192	0.0273854	1092.86	464.297	
0.31601	0.146964	0.971132	0.659459	0.0154158	-0.231325	1002.13	10.672	
0.382123	0.145422	0.975125	0.660176	-0.137083	0.178263	1146.75	733.763	
0.401917	0.146112	0.945925	0.37707	-0.177918	0.308226	1047.29	236.471	
0.318366	0.176311	0.968966	0.728268	0.0213749	-0.21991	1000.33	1.64983	
0.321531	0.207116	0.969832	0.771971	-0.0143406	-0.258289	1017.17	85.8511	
0.322467	0.23658	0.970656	0.781452	-0.0780844	-0.301417	1036.18	180.915	
0.323081	0.26662	0.970934	0.777643	-0.121884	-0.315059	1040.24	201.22	
0.383887	0.177633	0.975242	0.697783	-0.0399131	0.18602	1218.68	1093.42	
0.386748	0.209171	0.977178	0.760814	-0.00876747	0.230813	1264.14	1320.72	
0.387709	0.238982	0.978241	0.78504	-0.0321451	0.240531	1301.44	1507.21	
0.387699	0.267997	0.97989	0.779659	-0.102363	0.286339	1309.76	1548.8	
0.404861	0.177417	0.947462	0.442712	-0.0215612	0.263027	1080.17	400.867	
0.406513	0.209291	0.948809	0.472588	0.0246265	0.217725	1116.6	583.014	
0.407688	0.239513	0.94997	0.472728	0.00376417	0.187755	1165.62	828.104	
0.407992	0.269516	0.951605	0.462814	-0.0437052	0.221583	1186.38	931.878	
0.306909	0.169742	1.07566	1.25988	-0.109282	-0.141745	1209.08	1045.42	
0.30267	0.229691	1.07636	1.13078	-0.220808	-0.136456	1271.61	1358.06	
0.300844	0.231186	1.10833	1.08625	-0.219709	-0.115469	1316.11	1580.54	
0.324121	0.172061	1.00679	1.02496	-0.0814619	-0.255127	1246.61	1233.03	
0.324928	0.20282	1.00901	1.05418	-0.0832568	-0.234144	1245.12	1225.58	
0.324502	0.23211	1.0095	1.04621	-0.161092	-0.212504	1263.95	1319.76	
0.324208	0.261186	1.01056	1.03621	-0.238224	-0.175225	1266.17	1330.83	
0.361838	0.143616	0.997173	0.813136	-0.158246	0.106782	1104.16	520.777	
0.366694	0.17537	0.999451	0.937918	-0.0963722	0.148237	1134.13	670.672	
0.368237	0.206754	0.999197	0.966086	-0.0953859	0.161939	1177.17	885.831	
0.368207	0.237005	0.999642	0.945954	-0.1064	0.203434	1214.23	1071.14	
0.366511	0.267256	1.00313	0.8835	-0.136782	0.332858	1206.52	1032.59	
0.307626	0.169472	1.13992	1.28457	-0.150088	-0.0505791	1306.21	1531.06	
0.309646	0.169219	1.1718	1.34641	-0.155801	0.0117978	1315.13	1575.67	
0.309845	0.169785	1.20354	1.34163	-0.140088	0.0585735	1304.65	1523.27	
0.310535	0.170891	1.23676	1.34949	-0.10346	0.106767	1255.7	1278.48	
0.305568	0.172166	1.27183	1.22799	-0.0601124	0.169389	1192.02	960.09	
0.302983	0.198928	1.14044	1.13205	-0.21137	-0.0561303	1339.96	1699.8	
0.303861	0.198259	1.17258	1.14949	-0.226162	0.0208215	1360.02	1800.11	
0.304993	0.198947	1.20464	1.16783	-0.198601	0.0851868	1348.77	1743.83	
0.306362	0.200115	1.23758	1.19911	-0.156899	0.136725	1299.64	1498.18	
0.305725	0.202522	1.2725	1.2049	-0.0751469	0.19524	1200.1	1000.48	
0.304833	0.228634	1.14118	1.15915	-0.274433	-0.0454552	1342.09	1710.44	
0.305922	0.228363	1.17309	1.18744	-0.279812	0.0332613	1364.2	1821	
0.306829	0.228941	1.20497	1.19917	-0.249211	0.0923934	1351.36	1756.8	
0.307983	0.229854	1.23794	1.22326	-0.210388	0.145506	1306.41	1532.03	
0.30715	0.231684	1.27302	1.21845	-0.14522	0.208722	1206.29	1031.47	
0.304418	0.25803	1.14157	1.15239	-0.364017	-0.0195555	1347.56	1737.81	
0.301205	0.257428	1.17292	1.04254	-0.368375	0.0379714	1367.24	1836.18	
0.303142	0.257955	1.20528	1.08692	-0.340165	0.10978	1352.89	1764.45	
0.304972	0.258862	1.23822	1.1346	-0.303429	0.160361	1308.42	1542.08	
0.304808	0.260452	1.27298	1.16225	-0.244053	0.214075	1205.38	1026.92	
0.307707	0.174766	1.31155	1.21976	0.00659176	0.350602	1082.12	410.593	
0.304522	0.176525	1.35436	1.14662	0.0849718	0.486708	992.624	-36.8818	
0.306938	0.204042	1.31302	1.20322	-0.0287843	0.382508	1096.16	480.811	
0.304989	0.205984	1.35597	1.18065	0.0677038	0.520782	1003.3	16.5129	
0.30825	0.23238	1.31373	1.21185	-0.111625	0.395451	1098.52	492.619	
0.30614	0.234089	1.3566	1.18749	-0.0231183	0.532111	1007.04	35.2079	
0.301524	0.236754	1.40289	1.11292	0.0305696	0.631797	1001.04	5.21373	
0.308128	0.260886	1.31346	1.22301	-0.20408	0.377228	1101.95	509.754	
0.305976	0.262619	1.3562	1.20166	-0.123403	0.521749	1009.92	49.5912	
0.301751	0.265418	1.40242	1.12136	-0.0562163	0.62322	1005.03	25.1638	
0.299625	0.395615	0.971531	0.419102	-0.0255125	0.0267981	915.923	-420.384	
0.317176	0.361659	0.977056	0.672105	-0.0619328	-0.0852496	1016.16	80.8004	
0.322483	0.297084	0.970858	0.773333	-0.149712	-0.243433	995.418	-22.9077	
0.321258	0.328956	0.974255	0.764685	-0.149998	-0.0937648	968.152	-159.239	
0.346646	0.393295	0.988494	0.474986	-0.0403302	0.0143821	984.061	-79.6939	
0.387184	0.297843	0.977779	0.742246	-0.0982558	0.204199	1274.54	1372.72	
0.385596	0.329755	0.97933	0.696484	-0.0294011	0.274667	1184.28	921.389	
0.381568	0.365284	0.978238	0.5862	0.146598	0.19164	1108.52	542.594	
0.370002	0.393521	0.965949	0.462574	-0.00359422	0.119334	971.074	-144.628	
0.407815	0.299507	0.950759	0.470303	-0.0532602	0.212012	1142.1	710.501	
0.405749	0.331261	0.950927	0.43937	-0.00878947	0.29575	1058.09	290.458	
0.402303	0.366458	0.948031	0.357126	0.254274	0.277538	1026.06	130.322	
0.393875	0.395693	0.941686	0.32507	0.0575384	0.522152	846.581	-767.097	
0.435216	0.388574	0.945581	0.166864	-0.153522	0.243205	914.756	-426.219	
0.298265	0.39486	1.00578	0.601451	-0.0786258	-0.115417	1106.63	533.163	
0.308991	0.291572	1.07695	1.2843	-0.28622	-0.11229	1219.53	1097.67	
0.304812	0.292174	1.10889	1.17804	-0.278042	-0.100596	1274.24	1371.19	
0.304226	0.324883	1.07735	1.1941	-0.194326	-0.086474	1172.3	861.511	
0.301886	0.327328	1.10827	1.14463	-0.152011	-0.0809829	1188.89	944.47	
0.30123	0.361996	1.07808	1.08599	-0.083014	-0.0294602	1021.57	107.831	
0.30169	0.363998	1.10926	1.11845	-0.0511639	-0.0178418	1037.3	186.512	
0.325652	0.292645	1.0081	1.04468	-0.249552	-0.213947	1253.22	1266.1	
0.324009	0.326897	1.012	0.980628	-0.131965	-0.154361	1182.54	912.676	
0.318	0.361823	1.01456	0.805605	-0.0435407	-0.145076	1092.07	460.325	
0.367785	0.29779	1.00005	0.905553	-0.0997133	0.206774	1191.3	956.525	
0.365773	0.330986	1.0014	0.838394	-0.0217034	0.167915	1098.8	494.013	
0.360476	0.365711	0.998949	0.700826	0.124113	0.0611335	1062.39	311.926	
0.309431	0.289401	1.14094	1.25455	-0.309913	-0.0555047	1292.15	1460.76	
0.311164	0.288904	1.17264	1.29321	-0.323253	0.0210637	1315.13	1575.66	
0.311691	0.288913	1.20444	1.29429	-0.310784	0.0823778	1301.3	1506.49	
0.312604	0.289596	1.2376	1.31208	-0.283632	0.13949	1250.57	1252.87	
0.310427	0.290367	1.27322	1.27348	-0.257515	0.215866	1158.44	792.183	
0.306652	0.323506	1.14058	1.21367	-0.187011	-0.0401713	1207.71	1038.53	
0.307675	0.32276	1.17223	1.22703	-0.19801	0.0244508	1226.6	1133	
0.308579	0.322668	1.20398	1.24086	-0.188012	0.0794322	1214.15	1070.74	
0.309789	0.322947	1.23693	1.26479	-0.175587	0.125848	1171.96	859.82	
0.308359	0.324529	1.27147	1.2525	-0.145834	0.17913	1086.54	432.681	
0.304371	0.360497	1.14172	1.1531	-0.0460446	0.0137569	1056.26	281.301	
0.304651	0.360608	1.17278	1.15768	-0.0363834	0.0693631	1063.88	319.393	
0.304785	0.359832	1.20445	1.15095	-0.0339499	0.111201	1051.8	258.98	
0.304822	0.359368	1.23736	1.13597	-0.0396648	0.152292	1020.81	104.035	
0.303059	0.359317	1.27212	1.09644	-0.0703219	0.203345	955.549	-222.256	
0.311753	0.290394	1.31295	1.26508	-0.223213	0.371075	1054.73	273.66	
0.308957	0.291187	1.35538	1.20376	-0.176896	0.495358	969.737	-151.317	
0.303138	0.293623	1.40152	1.09809	-0.118189	0.589436	963.072	-184.639	
0.309311	0.323776	1.3115	1.2255	-0.121502	0.336633	1000.85	4.26881	
0.306368	0.323932	1.35352	1.1553	-0.0825138	0.451751	928.587	-357.066	
0.299854	0.325445	1.3994	0.999804	-0.0591857	0.549435	933.381	-333.096	
0.302127	0.357331	1.31121	1.01881	-0.0754147	0.308716	898.443	-507.786	
0.563918	0.118059	0.870493	0.191852	0.0799526	0.567839	852.25	-738.751	
0.464628	0.119594	0.924299	0.174703	0.158204	0.305295	892.227	-538.863	
0.493663	0.117957	0.892121	0.278273	0.0908316	0.482396	810.902	-945.491	
0.534742	0.122529	0.896442	0.120066	0.193704	0.192449	892.646	-536.77	
0.441459	0.147654	0.957747	0.266466	-0.0883575	0.380855	1005.44	27.211	
0.444325	0.178592	0.963008	0.374686	-0.0102468	0.533789	1027.62	138.101	
0.445774	0.20989	0.96453	0.459271	-0.00946333	0.606652	1073.42	367.107	
0.446957	0.239469	0.965571	0.506875	-0.0346066	0.657309	1121.91	609.552	
0.447357	0.269211	0.966562	0.519571	-0.0679074	0.684472	1129.88	649.381	
0.568654	0.147118	0.880127	0.203515	-0.126893	0.531457	1001.59	7.92538	
0.500658	0.147913	0.901382	0.282731	-0.0833697	0.497577	971.279	-143.606	
0.47022	0.147797	0.933164	0.248347	-0.0670276	0.404905	970.691	-146.545	
0.539243	0.148509	0.906546	0.182542	-0.135486	0.392893	1012.23	61.1437	
0.570999	0.179701	0.884009	0.26556	0.0679996	0.604942	995.521	-22.3945	
0.572697	0.21152	0.887495	0.28971	0.100684	0.655896	1023.94	119.705	
0.57344	0.240593	0.889518	0.298062	0.0397007	0.66417	1064.58	322.917	
0.573834	0.270151	0.890277	0.300902	-0.0387994	0.669387	1075.45	377.263	
0.472479	0.179818	0.936984	0.343729	0.0348713	0.503167	991.246	-43.7688	
0.474527	0.211019	0.939296	0.404337	0.0560937	0.548809	1022.06	110.297	
0.47524	0.240074	0.940761	0.439893	0.00245916	0.564074	1061.55	307.735	
0.475573	0.268972	0.941588	0.443824	-0.0596322	0.584014	1070.53	352.64	
0.502383	0.179151	0.905113	0.320964	0.0358467	0.564616	983.328	-83.3623	
0.503821	0.210532	0.90871	0.342404	0.0672797	0.608935	1012.2	60.9954	
0.504831	0.239872	0.910684	0.328219	0.0173665	0.618652	1053.42	267.115	
0.505263	0.269299	0.911634	0.314444	-0.045325	0.626442	1065.87	329.375	
0.541656	0.179114	0.912375	0.240701	-0.00452846	0.560559	1026.07	130.374	
0.542786	0.21103	0.915009	0.289907	0.00837155	0.664808	1056.48	282.379	
0.543609	0.240245	0.916716	0.317853	-0.0041465	0.720438	1101.2	505.98	
0.544163	0.270159	0.917892	0.339674	-0.0340538	0.755919	1110.49	552.46	
0.447095	0.299325	0.966175	0.492181	-0.0446288	0.645756	1089.71	448.536	
0.445196	0.331444	0.964846	0.393814	0.00209109	0.545288	1010.25	51.228	
0.442322	0.365027	0.9582	0.259362	0.156508	0.319894	998.757	-6.2146	
0.573404	0.299161	0.889922	0.294596	-0.105707	0.677728	1044.34	221.68	
0.572673	0.329795	0.887761	0.284166	-0.106339	0.652821	980.078	-99.6104	
0.569383	0.365549	0.881859	0.19831	0.177632	0.478623	975.662	-121.692	
0.564292	0.394143	0.872521	0.225497	-0.0198586	0.681166	826.55	-867.248	
0.47543	0.298338	0.941386	0.422707	-0.0752444	0.576471	1038.69	193.457	
0.474213	0.329234	0.94016	0.360786	-0.0527453	0.541533	973.345	-133.273	
0.469663	0.364434	0.93591	0.181774	0.129401	0.373404	962.954	-185.23	
0.464553	0.390228	0.923988	0.243128	-0.143371	0.394054	845.686	-771.568	
0.505137	0.298702	0.911001	0.336877	-0.0827867	0.626868	1030.73	153.674	
0.503668	0.329946	0.90906	0.342507	-0.0519319	0.605035	962.89	-185.549	
0.501232	0.365491	0.903222	0.285777	0.207237	0.456854	943.699	-281.505	
0.4954	0.394761	0.893984	0.34946	0.00954149	0.609767	788.095	-1059.52	
0.543772	0.299494	0.917345	0.311501	-0.0263931	0.713035	1071.49	357.471	
0.542513	0.332015	0.915137	0.249065	0.00520512	0.602063	1001.72	8.61954	
0.53955	0.36449	0.908318	0.162162	0.203318	0.379754	980.208	-98.9595	
0.534005	0.389726	0.896045	0.124152	-0.0887623	0.289565	892.361	-538.194	
0.664805	0.118516	0.818548	0.200799	0.0888085	0.565078	814.73	-926.352	
0.705951	0.120135	0.824648	-0.00670488	0.131426	0.314117	932.832	-335.84	
0.638941	0.120803	0.848984	0.20326	0.187536	0.306396	879.711	-601.447	
0.605362	0.120985	0.872868	0.0997082	0.167812	0.29671	890.365	-548.173	
0.670887	0.147259	0.827614	0.17827	-0.144115	0.582938	989.807	-50.9644	
0.710245	0.148005	0.836338	0.0474427	-0.0729943	0.546245	1013.56	67.7995	
0.672859	0.178442	0.831977	0.214685	0.0190097	0.638076	1019.7	98.5155	
0.673776	0.210134	0.835478	0.221607	0.0675535	0.678896	1054.3	271.506	
0.674463	0.239779	0.837561	0.202692	0.0214231	0.691934	1099.43	497.139	
0.674877	0.269512	0.838277	0.193549	-0.0498876	0.692465	1110.92	554.604	
0.711967	0.178843	0.842272	0.112286	0.00349087	0.722287	1044.92	224.606	
0.712103	0.210202	0.84421	0.145932	0.00885156	0.805908	1090.96	454.795	
0.712411	0.239629	0.845214	0.161204	-0.0222903	0.849841	1140.63	703.141	
0.712765	0.269164	0.846129	0.170562	-0.0649541	0.878185	1152	759.979	
0.643549	0.147893	0.858079	0.224842	-0.0757125	0.436978	978.745	-106.276	
0.645512	0.179901	0.862908	0.292676	0.0477769	0.587807	1000.27	1.34375	
0.646968	0.211192	0.865479	0.327126	0.0852907	0.65102	1027.05	135.262	
0.647323	0.240231	0.86723	0.351437	0.0261905	0.683904	1065.01	325.035	
0.647718	0.2694	0.867793	0.363837	-0.0388729	0.698956	1073.23	366.143	
0.611232	0.148733	0.882022	0.196616	-0.0755162	0.428591	966.355	-168.223	
0.613124	0.180204	0.887976	0.261963	0.0229195	0.586985	976.461	-117.697	
0.614293	0.211773	0.890499	0.302517	0.0334281	0.679125	1016.34	81.6926	
0.615373	0.240763	0.891788	0.328184	-0.00861088	0.720357	1061.7	308.482	
0.615901	0.269773	0.892758	0.340667	-0.0498281	0.742775	1071.37	356.87	
0.674903	0.298772	0.837732	0.213099	-0.0975536	0.690836	1076.1	380.497	
0.673961	0.32981	0.835948	0.224887	-0.0748204	0.683616	1003.1	15.519	
0.671042	0.365018	0.830429	0.155686	0.202587	0.557899	986.565	-67.1729	
0.66556	0.39385	0.821663	0.242292	-0.0175643	0.72689	802.505	-987.477	
0.712991	0.298859	0.845906	0.166732	-0.0617498	0.846571	1112.01	560.068	
0.712537	0.331142	0.844204	0.13024	-0.0177625	0.746175	1031.67	158.333	
0.710829	0.364018	0.837121	0.0355895	0.119366	0.504955	989.141	-54.2926	
0.703569	0.390038	0.823547	-0.0546512	-0.0990542	0.367756	912.369	-438.154	
0.638932	0.38704	0.850049	0.279577	-0.247252	0.446703	861.512	-692.441	
0.647409	0.298606	0.867775	0.346605	-0.0817551	0.688119	1038.74	193.684	
0.647037	0.330183	0.866269	0.296344	-0.0351174	0.637417	976.737	-116.314	
0.643775	0.366453	0.86115	0.18804	0.217166	0.429447	980.12	-99.3993	
0.615397	0.298855	0.892521	0.321932	-0.0363915	0.717929	1036.89	184.462	
0.614678	0.330396	0.890789	0.291638	-4.17178e-05	0.620838	958.446	-207.772	
0.613174	0.364076	0.883437	0.226944	0.15051	0.373482	951.559	-242.207	
0.606167	0.389106	0.872163	0.165066	-0.15123	0.364698	870.99	-645.051	
0.734587	0.11754	0.800089	0.0199029	0.0784072	0.331146	951.243	-243.784	
0.756845	0.115579	0.765227	-0.0496906	0.0305015	0.395128	907.94	-460.298	
0.797488	0.116379	0.783224	-0.127799	0.128703	0.320013	946.586	-267.072	
0.802152	0.113374	0.736909	-0.156759	0.139781	0.245267	1169.98	849.886	
0.806321	0.146545	0.738004	-0.0923234	0.220976	0.262067	1040.34	201.698	
0.738465	0.147416	0.810889	0.0284437	-0.0580245	0.50983	1024.84	124.185	
0.760259	0.147038	0.776234	-0.0677431	-0.0466283	0.503258	1020.15	100.765	
0.798123	0.14938	0.788827	-0.13865	0.102185	0.390881	935.597	-322.014	
0.738725	0.17927	0.81482	0.0537047	0.0276205	0.610693	1054.26	271.315	
0.740017	0.210521	0.817419	0.0899989	0.0480691	0.668437	1080.39	401.928	
0.740217	0.239852	0.819056	0.105606	0.00588304	0.693255	1118.74	593.721	
0.740548	0.268668	0.819617	0.110081	-0.0599733	0.704311	1126.31	631.568	
0.75956	0.177704	0.778735	-0.0745534	0.023511	0.517146	1048.11	240.554	
0.759432	0.209203	0.781667	-0.0877774	0.0399946	0.536143	1072.57	362.833	
0.759963	0.239273	0.783046	-0.0974995	0.00443388	0.528375	1109.29	546.436	
0.760675	0.268843	0.783639	-0.0895619	-0.0641342	0.521781	1120.35	601.744	
0.797359	0.177672	0.792276	-0.0948722	0.021317	0.447164	967.777	-161.115	
0.797454	0.208373	0.792726	-0.0626882	0.0312441	0.476384	974.782	-126.088	
0.797654	0.239276	0.793254	-0.0201528	-0.000744276	0.502355	988.715	-56.4249	
0.79801	0.270174	0.793909	0.000765709	-0.0460803	0.523137	990.422	-47.8879	
0.803254	0.177524	0.741391	-0.102036	0.156238	0.264474	977.011	-114.944	
0.803847	0.207983	0.740762	-0.084129	0.0999443	0.243251	962.661	-186.697	
0.803713	0.238933	0.741846	-0.0666086	0.0408201	0.245729	947.681	-261.595	
0.804945	0.269941	0.741147	-0.0686193	-0.0177593	0.254286	956.502	-217.492	
0.733147	0.393692	0.799236	0.00893888	-0.0943073	0.35142	902.222	-488.89	
0.739733	0.298191	0.819105	0.0729388	-0.075197	0.689117	1095.68	478.424	
0.739869	0.329105	0.817694	0.0653788	-0.0521133	0.651633	1037.7	188.513	
0.736526	0.363539	0.8115	-0.0215781	0.11801	0.518488	1007.27	36.3522	
0.760171	0.298974	0.782741	-0.085238	-0.0869992	0.516021	1082.79	413.943	
0.759912	0.330542	0.781978	-0.0748742	-0.065789	0.548952	1035.25	176.243	
0.759699	0.36467	0.778732	-0.0794399	0.117395	0.495153	1015.85	79.261	
0.756565	0.396514	0.765484	-0.0382418	0.0459379	0.465593	872.904	-635.478	
0.797753	0.301296	0.793906	-0.0190188	-0.0643378	0.496558	977.213	-113.936	
0.798197	0.333198	0.79315	-0.081098	-0.0159329	0.451112	955.122	-224.388	
0.797887	0.363115	0.789538	-0.17073	-0.0383865	0.341542	914.804	-425.979	
0.792552	0.395067	0.778363	-0.230301	-0.089613	0.283056	927.214	-363.93	
0.80367	0.301656	0.74236	-0.0665495	-0.0764886	0.253535	943.139	-284.305	
0.803363	0.332189	0.741653	-0.0969062	-0.14246	0.267404	961.006	-194.972	
0.802421	0.36315	0.742819	-0.147036	-0.175965	0.318709	995.284	-23.5781	
0.804413	0.396204	0.733449	-0.148919	-0.118239	0.23047	1120.44	602.195	
