x	y	z	U	V	W	Ro	P	
0.100253	0.100118	1.00966	-0.0537567	-0.0605401	0.143511	2648.14	8240.72	
0.0993446	0.0991985	1.0409	-0.0922672	-0.0994285	0.244393	2713.42	8567.09	
0.100112	0.0999504	1.07195	-0.0578486	-0.0660544	0.145407	2660.83	8304.16	
0.100147	0.0999528	1.10429	-0.0544938	-0.0642603	0.0754698	2630.34	8151.72	
0.101181	0.134213	1.00837	-0.00854801	-0.0937903	0.112979	2331.7	6658.52	
0.100287	0.135977	1.04097	-0.0492549	-0.0371597	0.239755	2374.77	6873.87	
0.101107	0.135178	1.07219	-0.0134706	-0.0546408	0.15353	2318.77	6593.87	
0.101218	0.135321	1.1044	-0.00734122	-0.0493237	0.0825144	2285.32	6426.59	
0.135975	0.101748	1.00872	-0.0025449	0.0122369	0.133046	2246.7	6233.52	
0.138378	0.100596	1.04126	0.0771782	-0.0328906	0.249877	2268.98	6344.89	
0.137744	0.101543	1.0724	0.0722406	0.0034277	0.162392	2206.99	6034.93	
0.137941	0.101541	1.10461	0.0798814	0.00499818	0.0930171	2172.34	5861.69	
0.136633	0.134627	1.00828	0.0372927	-0.0621152	0.135594	1818.34	4091.68	
0.139105	0.13627	1.04217	0.119625	-0.0173826	0.280445	1793.1	3965.49	
0.138932	0.135962	1.07317	0.132575	-0.0112482	0.193437	1749.18	3745.91	
0.139373	0.136121	1.10516	0.150941	-0.00664931	0.121773	1712.25	3561.26	
0.100241	0.0998751	1.13759	-0.0507087	-0.0687926	0.0325677	2615.23	8076.16	
0.100225	0.100032	1.17129	-0.0504831	-0.060277	0.0124749	2611.27	8056.33	
0.100222	0.100013	1.20528	-0.0508132	-0.0613706	0.00271839	2609.41	8047.04	
0.100198	0.100003	1.23944	-0.0519799	-0.0617825	0.000829922	2609.49	8047.45	
0.100281	0.100077	1.2737	-0.0481336	-0.058427	0.00331206	2604.46	8022.28	
0.101389	0.134993	1.13742	0.000302684	-0.0609094	0.0279937	2263.07	6315.36	
0.101394	0.135044	1.17126	0.000288778	-0.058735	0.0115042	2256.71	6283.56	
0.101378	0.135012	1.20527	-0.000465854	-0.0599158	0.00220278	2254.76	6273.8	
0.101348	0.134995	1.23939	-0.00185443	-0.0606962	-0.00152277	2255.39	6276.94	
0.101393	0.135125	1.27347	0.00117302	-0.05741	-0.00370721	2251.43	6257.14	
0.138174	0.101652	1.13778	0.0940631	0.00901624	0.0438143	2142.36	5711.78	
0.138034	0.101843	1.17114	0.087979	0.0171397	0.0063683	2136.86	5684.3	
0.137808	0.101795	1.20523	0.0784839	0.0152161	0.000255091	2138.38	5691.91	
0.13777	0.101787	1.23933	0.07663	0.0149138	-0.00443603	2140.31	5701.54	
0.137806	0.101808	1.27352	0.0753907	0.0175405	-0.000485043	2136.84	5684.19	
0.139635	0.135903	1.13786	0.168352	-0.0108984	0.0497029	1677.5	3387.48	
0.13949	0.135953	1.17113	0.161344	-0.00883549	0.00683616	1673.6	3368.01	
0.139279	0.13589	1.20516	0.152901	-0.0112828	-0.00265375	1672.49	3362.45	
0.139251	0.135881	1.2392	0.151392	-0.011883	-0.00999612	1674.23	3371.15	
0.139378	0.135956	1.27336	0.153443	-0.0125407	-0.00342487	1669.28	3346.42	
0.10045	0.100076	1.30782	-0.0410949	-0.0595634	-0.00354118	2602.77	8013.86	
0.100231	0.100034	1.34205	-0.0501654	-0.0601263	0.000480842	2606.27	8031.35	
0.100301	0.100089	1.37643	-0.0468446	-0.057539	0.00962531	2596.83	7984.17	
0.100918	0.100678	1.41216	-0.0163842	-0.0284019	0.0832188	2518.09	7590.46	
0.101662	0.134985	1.30751	0.0129175	-0.0610226	-0.0148682	2246.63	6233.13	
0.101423	0.135027	1.34196	0.00181861	-0.0594469	-0.00373948	2248.69	6243.45	
0.101538	0.135012	1.3765	0.00758397	-0.0597194	0.0134312	2235.02	6175.1	
0.102389	0.135506	1.41287	0.0499179	-0.0391646	0.121754	2129.47	5647.35	
0.138242	0.101898	1.3078	0.097615	0.0204313	-0.00234262	2126.13	5630.66	
0.138024	0.101883	1.34181	0.0876419	0.0191765	-0.00984233	2129.18	5645.9	
0.137771	0.101981	1.37647	0.0769468	0.024553	0.0120201	2120.82	5604.12	
0.138254	0.102686	1.41292	0.0962776	0.0600665	0.124322	2025.39	5126.95	
0.139773	0.135965	1.30758	0.175381	-0.0075679	-0.0105453	1658.03	3290.13	
0.139542	0.135956	1.3417	0.164086	-0.00853149	-0.0139501	1661.88	3309.41	
0.139362	0.135951	1.37676	0.157147	-0.00813835	0.0268921	1646.23	3231.17	
0.140145	0.136749	1.41455	0.188868	0.0248839	0.20448	1527.25	2636.27	
0.102591	0.102161	1.45405	0.0546137	0.033151	0.410349	2300.94	6504.68	
0.107394	0.107	1.50647	0.162412	0.142733	0.792196	1848.68	4243.4	
0.104451	0.134995	1.4571	0.133012	-0.040264	0.525549	1882.39	4411.95	
0.108668	0.139063	1.5104	0.195406	0.0998001	0.905095	1511.48	2557.38	
0.138012	0.104729	1.45726	0.112034	0.13358	0.522883	1783.17	3915.84	
0.142113	0.108485	1.50927	0.240634	0.188193	0.859282	1463.69	2318.47	
0.140802	0.137083	1.46165	0.241551	0.0640833	0.678371	1315.12	1575.62	
0.145723	0.141969	1.51418	0.382603	0.207528	1.03086	1168.83	844.142	
0.10154	0.168717	1.00824	0.00836689	-0.0926982	0.114861	2332.95	6664.75	
0.100208	0.171196	1.04066	-0.0459252	-0.013589	0.225381	2382.22	6911.11	
0.101187	0.170309	1.0725	-0.0073822	-0.0314965	0.16564	2325.16	6625.8	
0.101412	0.170109	1.10485	0.00242037	-0.0372855	0.0983364	2286.67	6433.34	
0.101018	0.203669	1.00806	-0.014701	-0.0636516	0.103084	2347.3	6736.48	
0.100206	0.206082	1.04052	-0.0522003	0.017795	0.222128	2387.67	6938.36	
0.100968	0.205174	1.07235	-0.0187886	-0.00480636	0.159313	2334.53	6672.67	
0.101113	0.205073	1.10463	-0.0106477	-0.00677029	0.0896222	2296.59	6482.94	
0.101013	0.238198	1.00798	-0.0148706	-0.0496058	0.100195	2353.35	6766.73	
0.100126	0.240619	1.04052	-0.0554559	0.0321433	0.221544	2394.44	6972.19	
0.100922	0.239719	1.07231	-0.0207766	0.0100301	0.157977	2340.84	6704.2	
0.101078	0.239594	1.10467	-0.0124201	0.00685912	0.0912235	2303.33	6516.67	
0.10107	0.272613	1.00798	-0.012307	-0.0400648	0.100179	2353.05	6765.25	
0.100183	0.27509	1.04051	-0.0528757	0.0443185	0.221306	2393.52	6967.59	
0.101006	0.274154	1.07231	-0.0170534	0.0205957	0.157892	2339.95	6699.75	
0.10112	0.273979	1.10466	-0.010615	0.0151184	0.0904905	2304.2	6520.99	
0.137617	0.169168	1.00845	0.0855425	-0.0696382	0.146883	1796.44	3982.18	
0.140282	0.171011	1.04204	0.171041	-0.0107314	0.274707	1766.29	3831.47	
0.140126	0.170795	1.0735	0.186734	-0.00652342	0.206559	1726.88	3634.38	
0.140675	0.170493	1.10562	0.210372	-0.0148117	0.136982	1686.59	3432.97	
0.137383	0.203349	1.00831	0.0732489	-0.0758099	0.143161	1805.51	4027.56	
0.140202	0.205387	1.04199	0.164323	-0.00996374	0.270827	1775.09	3875.46	
0.139993	0.205051	1.07353	0.179389	-0.00976079	0.207009	1735.37	3676.87	
0.140547	0.204853	1.10554	0.202708	-0.0149198	0.134922	1693.25	3466.26	
0.137181	0.237815	1.00824	0.0644522	-0.066575	0.140574	1815.99	4079.93	
0.139988	0.239976	1.04194	0.155168	0.00401603	0.268773	1784.5	3922.51	
0.139778	0.239658	1.07348	0.170475	0.00473726	0.204787	1743.84	3719.18	
0.140319	0.239408	1.10552	0.193426	-0.0020691	0.133808	1701.34	3506.7	
0.137487	0.2721	1.00816	0.0726529	-0.0559684	0.135304	1815.49	4077.43	
0.14005	0.274511	1.04177	0.158245	0.0194408	0.265405	1783.31	3916.57	
0.139961	0.274133	1.07339	0.174477	0.0221272	0.201816	1742.49	3712.46	
0.140394	0.273942	1.10552	0.193507	0.0165935	0.132686	1701.81	3509.03	
0.101694	0.169654	1.13778	0.0162957	-0.0559173	0.0418122	2262.85	6314.27	
0.101648	0.169718	1.17142	0.0133637	-0.0535649	0.0184798	2254.32	6271.62	
0.101635	0.169682	1.20533	0.0128072	-0.0552426	0.00492093	2251.91	6259.55	
0.101601	0.169707	1.23943	0.0114139	-0.0546786	0.00100216	2252.36	6261.79	
0.101716	0.169748	1.27369	0.0165546	-0.0526355	0.00263986	2247.82	6239.11	
0.101409	0.20451	1.13762	0.00355365	-0.0311988	0.0343292	2271.67	6358.37	
0.101261	0.204637	1.17137	-0.002776	-0.0255929	0.0160221	2265.55	6327.75	
0.101321	0.204587	1.20531	-0.00147273	-0.0277311	0.00430542	2261.5	6307.51	
0.101283	0.20457	1.23945	-0.00319214	-0.0285442	0.00133263	2261.78	6308.89	
0.101298	0.20465	1.2736	-1.69224e-05	-0.0252844	-0.00105847	2259.47	6297.37	
0.101364	0.239078	1.13764	0.00147433	-0.0157038	0.035099	2278.28	6391.42	
0.101304	0.239188	1.17136	-0.00239279	-0.0108324	0.0157673	2270.16	6350.81	
0.101283	0.239132	1.20532	-0.00326985	-0.0132804	0.00472997	2268.07	6340.35	
0.101257	0.239128	1.23945	-0.00455433	-0.0135224	0.00125117	2268.21	6341.03	
0.101339	0.239166	1.27365	0.000165473	-0.0118168	0.00116121	2264.6	6323	
0.101342	0.27361	1.13762	0.000789914	-0.00175351	0.0348368	2280.14	6400.69	
0.101375	0.273602	1.17136	0.000747202	-0.00136287	0.0156289	2269.99	6349.94	
0.101353	0.27357	1.20532	-0.000175979	-0.00274365	0.0045489	2267.83	6339.15	
0.101328	0.273556	1.23946	-0.0013819	-0.00335134	0.00158608	2267.69	6338.44	
0.101377	0.273563	1.27366	0.00188502	-0.00303338	0.00146201	2264.89	6324.47	
0.141145	0.170121	1.13833	0.236359	-0.0311284	0.0695315	1649.99	3249.95	
0.140973	0.170243	1.17131	0.229004	-0.0254248	0.0150915	1644.66	3223.28	
0.140743	0.170153	1.2052	0.219951	-0.0295383	-0.000823313	1642.06	3210.28	
0.140678	0.170187	1.23921	0.216934	-0.0290302	-0.00912207	1643.75	3218.76	
0.140747	0.170197	1.2735	0.216636	-0.0272226	-0.00211817	1639.06	3195.28	
0.140941	0.20424	1.1383	0.226164	-0.0414161	0.0687524	1654.86	3274.31	
0.140748	0.20435	1.17129	0.217673	-0.036062	0.0145919	1649.75	3248.73	
0.140522	0.204249	1.2052	0.208879	-0.0407206	-0.00100932	1647.25	3236.25	
0.140453	0.20425	1.23923	0.205687	-0.0411166	-0.0093014	1649.04	3245.18	
0.140586	0.204301	1.27338	0.207824	-0.0388785	-0.00555552	1643.71	3218.53	
0.140701	0.23869	1.13829	0.216288	-0.0331897	0.0681392	1662.14	3310.71	
0.140571	0.238791	1.17129	0.21052	-0.028718	0.0145584	1656.43	3282.15	
0.14033	0.2387	1.20521	0.201042	-0.0330107	-0.000241472	1654.2	3271.02	
0.140261	0.23873	1.23923	0.197876	-0.0322383	-0.00912227	1656.01	3280.05	
0.140394	0.238767	1.27338	0.200093	-0.0301486	-0.00586847	1650.75	3253.74	
0.140841	0.273365	1.1382	0.218403	-0.00684063	0.0640309	1662.47	3312.37	
0.140667	0.273289	1.17128	0.210304	-0.010445	0.0137886	1655.97	3279.84	
0.140463	0.273209	1.2052	0.202417	-0.0140825	-0.000739245	1653.25	3266.27	
0.140401	0.273224	1.23924	0.199565	-0.0139307	-0.00846772	1654.8	3273.99	
0.140518	0.273263	1.27346	0.202074	-0.0129593	-0.00387526	1650.32	3251.58	
0.102053	0.16968	1.30762	0.0328356	-0.0546868	-0.0121475	2242.6	6212.99	
0.101728	0.169606	1.34204	0.0173957	-0.0588259	-4.60114e-06	2243.21	6216.03	
0.101952	0.169551	1.3769	0.0285975	-0.0620862	0.0330208	2221.8	6108.98	
0.103194	0.169093	1.41455	0.0859485	-0.0768688	0.190136	2092.82	5464.12	
0.101788	0.204509	1.3075	0.0208813	-0.0312068	-0.0177316	2250.97	6254.86	
0.101284	0.204492	1.34203	-0.00151007	-0.032546	-0.000223363	2253.48	6267.4	
0.101449	0.204185	1.37695	0.00662876	-0.0465091	0.0339646	2231.07	6155.37	
0.102733	0.204279	1.41377	0.0683333	-0.0415894	0.160176	2095.84	5479.18	
0.101735	0.23906	1.30752	0.0185202	-0.0165399	-0.0168843	2258.02	6290.11	
0.101367	0.238998	1.34206	0.000844164	-0.0198426	0.000575366	2258.03	6290.15	
0.10148	0.238791	1.37685	0.00814298	-0.029715	0.0300484	2238.47	6192.36	
0.102723	0.23889	1.41387	0.0675445	-0.0246711	0.164569	2103.1	5515.49	
0.101678	0.273447	1.30759	0.0162996	-0.00904112	-0.0128618	2259.4	6297.02	
0.101435	0.273448	1.34205	0.00383889	-0.00872761	0.000584435	2257.8	6288.98	
0.101524	0.273248	1.37683	0.00997683	-0.0182945	0.029349	2238.66	6193.28	
0.102658	0.273161	1.41379	0.0642742	-0.0223467	0.160438	2110.85	5554.24	
0.141356	0.170153	1.30769	0.24706	-0.0295534	-0.0065488	1626.54	3132.71	
0.141039	0.170144	1.3418	0.23255	-0.0301105	-0.00924589	1629.21	3146.03	
0.140858	0.170055	1.37725	0.226408	-0.0353272	0.0506988	1604.97	3024.86	
0.141815	0.169693	1.41653	0.266892	-0.0419215	0.283891	1471.91	2359.55	
0.141179	0.20423	1.30765	0.238206	-0.0419066	-0.00769481	1630.66	3153.31	
0.14081	0.204143	1.34183	0.221116	-0.0460997	-0.0071646	1632.11	3160.57	
0.140628	0.203725	1.37743	0.215182	-0.0649581	0.0576203	1605.85	3029.26	
0.141762	0.203881	1.41578	0.262669	-0.0570239	0.258862	1461.85	2309.25	
0.140947	0.238617	1.30766	0.228721	-0.0366299	-0.00779	1637.97	3189.86	
0.140643	0.238477	1.34188	0.214492	-0.0436584	-0.00537131	1638.37	3191.86	
0.140462	0.238165	1.37732	0.20861	-0.0589326	0.0535669	1613.54	3067.68	
0.141597	0.23827	1.41587	0.256254	-0.053246	0.262457	1467.98	2339.88	
0.141054	0.273157	1.30769	0.229228	-0.0162751	-0.00625082	1637.18	3185.9	
0.140751	0.272998	1.34188	0.214754	-0.024403	-0.00535612	1637.89	3189.47	
0.14062	0.272642	1.37731	0.211007	-0.0414639	0.0531168	1612.72	3063.61	
0.141636	0.272641	1.41588	0.254164	-0.0423054	0.261164	1475.16	2375.81	
0.105443	0.167784	1.4585	0.169748	-0.100621	0.567977	1836.63	4183.14	
0.109812	0.1712	1.51074	0.244658	0.0194718	0.917198	1475.59	2377.97	
0.105026	0.201858	1.45816	0.162488	-0.116317	0.560957	1837.69	4188.46	
0.10982	0.204599	1.51101	0.246086	-0.01734	0.926571	1454.16	2270.81	
0.105128	0.236023	1.45835	0.166429	-0.119878	0.568458	1835.28	4176.4	
0.109966	0.23836	1.51108	0.253034	-0.0376864	0.930058	1448.09	2240.47	
0.105123	0.270326	1.45824	0.166736	-0.116149	0.563453	1840.61	4203.06	
0.10997	0.272314	1.51113	0.253156	-0.0494557	0.932122	1449.21	2246.07	
0.142731	0.169257	1.46333	0.334972	-0.038779	0.732336	1273.41	1367.03	
0.147621	0.172608	1.51479	0.46137	0.0771299	1.04605	1145.43	727.145	
0.142632	0.202143	1.46328	0.333524	-0.101307	0.731271	1254.04	1270.19	
0.14795	0.205102	1.51507	0.478864	0.00419785	1.05725	1117.8	588.991	
0.14251	0.235816	1.4635	0.329364	-0.126823	0.739484	1249.09	1245.45	
0.148054	0.238467	1.51517	0.484921	-0.0341743	1.06138	1107.12	535.616	
0.142519	0.27015	1.46323	0.320026	-0.110513	0.733845	1251.98	1259.89	
0.147716	0.272745	1.5156	0.473038	-0.035865	1.07762	1104.53	522.674	
0.101531	0.306483	1.00798	0.00818051	-0.05534	0.103818	2347.46	6737.3	
0.10013	0.309245	1.04055	-0.0472509	0.0346514	0.220434	2397.56	6987.82	
0.101133	0.308242	1.07248	-0.0078087	0.0118277	0.164304	2339.98	6699.91	
0.10137	0.308008	1.10489	0.00234389	0.00454676	0.100375	2301.27	6506.34	
0.101019	0.341259	1.00798	-0.014654	-0.0293721	0.10001	2345.37	6726.86	
0.100198	0.343785	1.04046	-0.0528518	0.0564519	0.219539	2384.75	6923.74	
0.100953	0.342904	1.07234	-0.0197065	0.0348485	0.158977	2332.29	6661.43	
0.10108	0.342742	1.1047	-0.0124603	0.030527	0.0923461	2295	6475.01	
0.101163	0.376565	1.00809	-0.00995448	0.0139851	0.103699	2327.97	6639.85	
0.100254	0.378995	1.04059	-0.0510636	0.0946051	0.224912	2369.24	6846.18	
0.101019	0.378157	1.07225	-0.0179248	0.0756324	0.154779	2314.39	6571.96	
0.101128	0.377931	1.10464	-0.0116863	0.0674708	0.0897837	2281.61	6408.06	
0.100635	0.411948	1.00907	-0.0417621	0.0203315	0.135741	2632.38	8161.88	
0.0996283	0.415349	1.04015	-0.085794	0.143948	0.207384	2723.38	8616.91	
0.100331	0.413628	1.07197	-0.0541498	0.0851894	0.143098	2661.63	8308.13	
0.10032	0.413507	1.10442	-0.0520898	0.0804804	0.0794001	2628.76	8143.8	
0.137827	0.306709	1.0083	0.0945197	-0.0442464	0.142638	1803.27	4016.34	
0.140467	0.308884	1.04197	0.178621	0.0263562	0.270056	1769.59	3847.95	
0.140305	0.308533	1.07351	0.194441	0.02656	0.206152	1729.9	3649.49	
0.140937	0.308131	1.10571	0.221715	0.013673	0.140936	1689.08	3445.42	
0.137281	0.340938	1.00824	0.0683047	-0.0428686	0.140263	1805.6	4028.02	
0.140023	0.343062	1.04191	0.155896	0.0259859	0.267488	1776.2	3881	
0.139757	0.342769	1.07353	0.168162	0.0279297	0.206583	1737.17	3685.84	
0.14038	0.342408	1.10556	0.194802	0.0160957	0.13558	1695.27	3476.37	
0.136396	0.376001	1.00818	0.0304116	-0.0173785	0.135153	1814.15	4070.75	
0.138925	0.378044	1.04188	0.109381	0.0500049	0.268054	1792.8	3963.98	
0.138592	0.377808	1.07329	0.119745	0.0526428	0.196307	1749.75	3748.73	
0.139178	0.377277	1.10536	0.144109	0.0336818	0.127345	1712.02	3560.1	
0.136087	0.409992	1.00819	-0.00231361	-0.067372	0.124619	2233.9	6169.49	
0.138163	0.413336	1.04037	0.0636428	0.0506439	0.208556	2298.97	6494.83	
0.137505	0.411973	1.07243	0.0556021	0.0106709	0.159613	2229.03	6145.13	
0.137729	0.411765	1.10484	0.0658876	0.00380844	0.100147	2186.5	5932.5	
0.101746	0.307599	1.13775	0.020697	-0.0125266	0.0406996	2275.51	6377.57	
0.101677	0.307591	1.17142	0.0167718	-0.0135366	0.0186297	2266.19	6330.96	
0.101672	0.307536	1.20534	0.016654	-0.0159626	0.00538714	2263.81	6319.07	
0.101638	0.307519	1.23947	0.0151296	-0.016848	0.00221763	2263.79	6318.94	
0.101757	0.307519	1.27369	0.0203589	-0.0165947	0.00278985	2259.47	6297.35	
0.101358	0.342382	1.13759	0.000868748	0.0143449	0.0332173	2269.33	6346.67	
0.101279	0.342368	1.17134	-0.00378711	0.0141553	0.0149906	2260.4	6301.99	
0.101264	0.342305	1.20532	-0.00434247	0.0113646	0.00463457	2258.73	6293.67	
0.101236	0.342275	1.23946	-0.00572934	0.00999215	0.00186551	2258.79	6293.97	
0.101296	0.342275	1.27366	-0.00187688	0.0100581	0.00120422	2256.03	6280.16	
0.10133	0.37768	1.1375	-0.00285483	0.0531508	0.0336655	2257.24	6286.22	
0.101305	0.377551	1.17128	-0.0040186	0.0511543	0.0129572	2248.33	6241.63	
0.101295	0.377538	1.20528	-0.00445308	0.0503528	0.00309127	2246.17	6230.86	
0.10127	0.377519	1.23944	-0.00570801	0.0495012	0.00068554	2246.25	6231.27	
0.101332	0.377485	1.27363	-0.00184291	0.0480046	0.000146081	2244.33	6221.64	
0.100359	0.413269	1.13765	-0.0492558	0.0696319	0.0357864	2609.4	8047	
0.100511	0.413089	1.17134	-0.0440453	0.0619762	0.0148175	2598.39	7991.93	
0.100483	0.413071	1.2053	-0.0452136	0.061122	0.00410441	2595.73	7978.67	
0.100472	0.413058	1.23945	-0.0457998	0.0605177	0.00164774	2595.12	7975.6	
0.100492	0.412979	1.27373	-0.0438772	0.057186	0.00427058	2593.11	7965.55	
0.141431	0.307701	1.13839	0.248977	-0.00608568	0.0725299	1650.2	3250.99	
0.141278	0.307729	1.17134	0.24255	-0.00466977	0.0167626	1643.32	3216.59	
0.141045	0.307611	1.20521	0.233512	-0.0100335	-0.000322416	1640.55	3202.75	
0.140974	0.307616	1.23923	0.23025	-0.0102948	-0.00910303	1642.24	3211.2	
0.141078	0.307573	1.27349	0.231356	-0.0107693	-0.00201275	1637.8	3189	
0.14076	0.341959	1.13828	0.217617	-0.00444025	0.0686217	1656.18	3280.88	
0.140579	0.341937	1.17127	0.209449	-0.00462264	0.0137863	1650.09	3250.47	
0.140321	0.341812	1.2052	0.199234	-0.0102044	-0.000719116	1648.26	3241.32	
0.140251	0.341797	1.23923	0.196114	-0.0113263	-0.00918658	1650.17	3250.86	
0.140433	0.341751	1.2734	0.200434	-0.0128193	-0.00519224	1645.27	3226.37	
0.139437	0.376727	1.13815	0.162265	0.00607598	0.0651664	1673.91	3369.54	
0.139254	0.376654	1.17121	0.154095	0.00557149	0.0115894	1667.95	3339.74	
0.139026	0.376571	1.2052	0.144833	0.00123641	-0.000456303	1666.45	3332.23	
0.138963	0.376599	1.23924	0.141984	0.00199941	-0.00846575	1668.03	3340.15	
0.139169	0.376519	1.27332	0.146637	-0.000167871	-0.00755006	1663.56	3317.81	
0.137933	0.411056	1.1379	0.0785343	-0.0261707	0.049627	2144.13	5720.64	
0.137784	0.41093	1.17123	0.0714122	-0.0313825	0.0110949	2135.36	5676.82	
0.137592	0.41087	1.20526	0.0634416	-0.0346779	0.00210006	2135.07	5675.35	
0.137537	0.4109	1.23936	0.0609857	-0.033879	-0.00279198	2136.97	5684.87	
0.137619	0.410887	1.27355	0.0627974	-0.0354368	-0.00049593	2133.75	5668.75	
0.102145	0.307537	1.30757	0.0391442	-0.015514	-0.0139482	2253.22	6266.09	
0.10181	0.307362	1.34209	0.0233302	-0.0244755	0.00226243	2252.3	6261.51	
0.102097	0.307106	1.37711	0.0373368	-0.0366849	0.0424383	2226.87	6134.34	
0.103401	0.30627	1.41494	0.0967428	-0.0666427	0.205652	2090.68	5453.4	
0.10173	0.342315	1.30746	0.0179601	0.0112125	-0.0188479	2248.17	6240.86	
0.101323	0.342154	1.34203	-0.00145286	0.00384834	-6.31648e-05	2247.29	6236.47	
0.10149	0.341709	1.37699	0.00708339	-0.0165296	0.0360617	2225.8	6129.02	
0.102618	0.341513	1.41372	0.0627974	-0.0247666	0.157564	2096.47	5482.35	
0.101675	0.377564	1.30744	0.0129409	0.0476746	-0.0156887	2238.07	6190.35	
0.101348	0.377321	1.342	-0.00176213	0.040227	-0.00100107	2236.92	6184.61	
0.101489	0.377063	1.37672	0.00518293	0.0274949	0.0241647	2220.57	6102.86	
0.102441	0.376747	1.41328	0.051859	0.0128	0.136366	2107.63	5538.15	
0.100605	0.413028	1.30783	-0.0380325	0.0584993	-0.00242646	2592.87	7964.34	
0.100527	0.412902	1.34212	-0.043151	0.0529572	0.0036255	2588.91	7944.55	
0.100577	0.412651	1.37663	-0.0404802	0.040724	0.0192735	2575.63	7878.13	
0.101207	0.412181	1.41258	-0.00902563	0.0178591	0.100873	2489.08	7445.39	
0.141684	0.307573	1.3077	0.261781	-0.0121982	-0.00565655	1624.01	3120.04	
0.141378	0.307421	1.34189	0.247805	-0.0194449	-0.0049362	1624.6	3123.02	
0.141218	0.307028	1.37753	0.242941	-0.0385312	0.0632031	1596.72	2983.58	
0.14225	0.306139	1.41701	0.287198	-0.0670321	0.303891	1458.1	2290.52	
0.140999	0.341831	1.30765	0.229694	-0.0105928	-0.00733998	1631.28	3156.41	
0.140656	0.341589	1.34184	0.213592	-0.021397	-0.00637376	1631.46	3157.3	
0.140466	0.340927	1.37745	0.207392	-0.0514143	0.0580867	1607.42	3037.11	
0.141538	0.340634	1.41571	0.252136	-0.0638905	0.255036	1466.88	2334.42	
0.13963	0.376491	1.30764	0.17205	-0.00522505	-0.00483993	1651.05	3255.24	
0.139307	0.37623	1.34183	0.157001	-0.0147116	-0.00693944	1651.12	3255.62	
0.139086	0.375745	1.37709	0.148586	-0.0387503	0.0426629	1633.64	3168.21	
0.140007	0.375073	1.41482	0.18582	-0.0683687	0.213788	1508.65	2543.25	
0.138009	0.410719	1.30783	0.0825087	-0.0419154	9.84232e-05	2121.36	5606.81	
0.137778	0.410562	1.34195	0.0713294	-0.0491392	-0.00256097	2119.44	5597.22	
0.137581	0.410174	1.37681	0.0636013	-0.0686592	0.0284163	2105.41	5527.06	
0.138054	0.409594	1.41336	0.0832236	-0.0972392	0.141896	2000.65	5003.26	
0.105913	0.30388	1.45897	0.19193	-0.136842	0.587566	1820.63	4103.17	
0.110563	0.305938	1.51134	0.277654	-0.0734999	0.942921	1441.94	2209.68	
0.104919	0.338581	1.45817	0.157733	-0.123105	0.561612	1836.66	4183.29	
0.109624	0.340012	1.51108	0.236995	-0.0837507	0.929756	1462.72	2313.61	
0.104559	0.37299	1.45716	0.137828	-0.12287	0.523714	1856.1	4280.52	
0.108782	0.372913	1.51134	0.202448	-0.140164	0.945105	1500.74	2503.72	
0.102929	0.407836	1.45415	0.0673442	-0.138118	0.395367	2223.65	6118.25	
0.10704	0.4043	1.50417	0.151873	-0.212177	0.72262	1838.56	4192.78	
0.143266	0.30436	1.46387	0.360119	-0.122584	0.755824	1248.1	1240.51	
0.148384	0.306187	1.51527	0.49761	-0.06782	1.06627	1110.08	550.415	
0.142373	0.338015	1.46323	0.321914	-0.14868	0.728798	1255.52	1277.6	
0.14767	0.339331	1.51521	0.466601	-0.117074	1.06365	1131.89	659.473	
0.140772	0.370896	1.46201	0.252175	-0.211301	0.686976	1284.77	1423.85	
0.146295	0.37032	1.51527	0.408855	-0.242166	1.07132	1157.94	789.696	
0.13792	0.404709	1.45721	0.105375	-0.259408	0.504543	1682	3410	
0.141904	0.402758	1.50824	0.233425	-0.258824	0.838369	1433.29	2166.47	
0.279937	0.108185	0.969302	0.237574	0.207579	0.498358	1635.2	3175.98	
0.284144	0.140464	0.971941	0.3993	0.161564	0.556374	1288.53	1442.65	
0.268138	0.109477	1.00482	0.747927	0.189961	0.802177	1405.11	2025.54	
0.2685	0.139726	1.00526	0.756195	0.138605	0.780759	1171.61	858.027	
0.17921	0.103643	1.01018	0.374008	0.0975616	0.194505	2007.55	5037.76	
0.183679	0.102763	1.04151	0.532462	0.0587032	0.259119	1969.21	4846.04	
0.183113	0.103598	1.07266	0.522959	0.0886563	0.169996	1924.68	4623.38	
0.182862	0.103597	1.10406	0.514826	0.0880137	0.0620322	1902.05	4510.27	
0.180361	0.135496	1.00992	0.426092	-0.033175	0.200132	1575.84	2879.21	
0.186173	0.137192	1.04297	0.626834	0.0166051	0.30665	1513.53	2567.65	
0.185932	0.136894	1.07381	0.628262	0.0167835	0.215565	1489.23	2446.13	
0.186285	0.137033	1.10499	0.648629	0.0220109	0.105425	1468.27	2341.37	
0.232463	0.106251	1.00749	0.787841	0.122944	0.0285306	1700.97	3504.83	
0.238415	0.105895	1.04195	0.959384	0.07927	0.264271	1647.65	3238.26	
0.238254	0.106574	1.07196	0.963213	0.0999946	0.146392	1578.26	2891.28	
0.237699	0.107124	1.10375	0.940105	0.122944	0.0590788	1539.86	2699.31	
0.232983	0.137505	1.00968	0.781272	0.0500329	0.116355	1383.75	1918.75	
0.240676	0.140209	1.04475	1.03136	0.107314	0.360995	1355.75	1778.73	
0.240737	0.140028	1.07392	1.03542	0.11352	0.226535	1313.14	1565.72	
0.241326	0.140269	1.10499	1.05986	0.129081	0.113054	1277.05	1385.27	
0.184476	0.104207	1.13628	0.55577	0.106446	0.0127954	1846.76	4233.82	
0.182988	0.104142	1.17022	0.52598	0.113716	-0.0296048	1843.56	4217.82	
0.183136	0.104205	1.20456	0.529874	0.116006	-0.0292375	1842.01	4210.06	
0.183113	0.10417	1.23872	0.528295	0.114619	-0.0328793	1846.92	4234.6	
0.182825	0.103975	1.27252	0.515242	0.10574	-0.0517612	1862.23	4311.14	
0.187557	0.136969	1.13682	0.676223	0.0290235	0.0359411	1421.3	2106.52	
0.18622	0.13703	1.17026	0.65218	0.0264912	-0.0261748	1405.79	2028.97	
0.186321	0.137075	1.20437	0.653897	0.0277534	-0.0373831	1403.8	2019.01	
0.186348	0.137092	1.23843	0.654203	0.0284231	-0.0453671	1407.35	2036.77	
0.186415	0.137008	1.27238	0.657521	0.0224303	-0.0547543	1420.6	2102.99	
0.238779	0.107486	1.1358	0.985362	0.137657	-0.0300563	1512.72	2563.61	
0.238332	0.107406	1.16934	0.970993	0.136446	-0.0627528	1498.43	2492.17	
0.238279	0.107542	1.20313	0.96793	0.142482	-0.0808834	1492.56	2462.79	
0.238419	0.10757	1.23728	0.973825	0.144091	-0.0837928	1487.9	2439.52	
0.237653	0.107676	1.27185	0.939963	0.148397	-0.069832	1494.79	2473.95	
0.24207	0.140666	1.13675	1.09198	0.144032	0.009589	1254.46	1272.3	
0.241163	0.140493	1.16961	1.06089	0.139778	-0.049088	1235.82	1179.09	
0.241163	0.140566	1.20326	1.06034	0.14341	-0.0735327	1228	1139.98	
0.241286	0.140603	1.23733	1.06517	0.145387	-0.0797107	1220.34	1101.7	
0.241442	0.140469	1.27196	1.06797	0.141108	-0.0652849	1224.63	1123.17	
0.184513	0.104585	1.30592	0.557764	0.123809	-0.0502779	1825.83	4129.15	
0.182956	0.104252	1.34083	0.524621	0.119229	-0.0486084	1833.03	4165.17	
0.183016	0.104552	1.37616	0.52324	0.1332	0.000513738	1815.82	4079.08	
0.181934	0.10548	1.41339	0.479346	0.175091	0.134948	1740.49	3702.44	
0.187558	0.13711	1.30604	0.676599	0.0361715	-0.0462839	1397.88	1989.42	
0.186225	0.137111	1.34079	0.652733	0.0305706	-0.0485381	1390.21	1951.04	
0.186271	0.13734	1.37664	0.649997	0.0414299	0.0251178	1366.3	1831.49	
0.185551	0.138395	1.41564	0.625648	0.086638	0.239115	1283.06	1415.29	
0.238874	0.107916	1.30541	0.990315	0.157601	-0.0941809	1491.54	2457.7	
0.238248	0.107607	1.34004	0.966939	0.146326	-0.0768104	1485.3	2426.51	
0.237811	0.108059	1.37518	0.94653	0.167288	-0.0315868	1463.6	2317.99	
0.236709	0.109161	1.41239	0.896794	0.217265	0.104541	1388.57	1942.84	
0.242111	0.140866	1.30602	1.09472	0.154242	-0.0703546	1230.03	1150.16	
0.241119	0.140647	1.34033	1.05884	0.147689	-0.0618145	1216.92	1084.59	
0.240732	0.140996	1.37607	1.04072	0.164923	0.0118328	1190.26	951.281	
0.239858	0.142118	1.41443	0.99656	0.218372	0.195872	1104.67	523.343	
0.181061	0.107521	1.45544	0.437254	0.238555	0.465994	1540.59	2702.96	
0.181589	0.111004	1.50752	0.454408	0.275704	0.781685	1273.87	1369.36	
0.184889	0.139511	1.46081	0.587971	0.156821	0.643622	1131.17	655.871	
0.186529	0.14371	1.51162	0.616658	0.268179	0.912989	1047.05	235.258	
0.233385	0.11136	1.45405	0.789092	0.287701	0.375009	1246.33	1231.66	
0.228484	0.114084	1.50197	0.643809	0.311261	0.63096	1027.17	135.834	
0.236385	0.143763	1.45891	0.877369	0.290482	0.526573	1016.1	80.4955	
0.229352	0.147053	1.50305	0.718913	0.360432	0.711351	939.936	-300.322	
0.284158	0.17179	0.972684	0.404192	0.0457516	0.589407	1252.79	1263.96	
0.284666	0.204723	0.973179	0.42851	-0.0105457	0.61211	1229.48	1147.4	
0.284671	0.23818	0.973482	0.429654	-0.0448414	0.625944	1217.18	1085.88	
0.285053	0.271867	0.973632	0.445122	-0.0690711	0.629163	1208.48	1042.42	
0.2699	0.171956	1.00485	0.816921	0.0563397	0.755698	1163.13	815.646	
0.269847	0.20373	1.00559	0.809978	-0.0349835	0.7867	1151.9	759.479	
0.26983	0.237117	1.00568	0.808408	-0.069603	0.790312	1134.22	671.089	
0.269821	0.271	1.00567	0.808282	-0.0845016	0.789314	1125.12	625.593	
0.183202	0.168115	1.01065	0.515167	-0.078292	0.227138	1523.98	2619.92	
0.189187	0.170234	1.04307	0.718283	-0.0113933	0.306211	1466.79	2333.97	
0.189024	0.170018	1.07429	0.719646	-0.00330796	0.231941	1449.89	2249.43	
0.189056	0.169783	1.10527	0.724661	-0.0114049	0.115554	1428.09	2140.43	
0.181803	0.202322	1.01063	0.489876	-0.113675	0.231342	1521.13	2605.64	
0.187842	0.204489	1.04308	0.697024	-0.041581	0.312275	1458.96	2294.82	
0.187764	0.204066	1.07423	0.706962	-0.0453495	0.230944	1443.19	2215.95	
0.188038	0.204022	1.10503	0.722814	-0.0452315	0.106562	1420.73	2103.66	
0.182123	0.236746	1.01054	0.499918	-0.112309	0.231318	1529.88	2649.41	
0.188162	0.23893	1.04302	0.70674	-0.0410685	0.310045	1463.75	2318.74	
0.188099	0.238543	1.07419	0.716958	-0.0440231	0.230082	1448.2	2241.01	
0.188338	0.238443	1.10503	0.73137	-0.0447483	0.104614	1425.58	2127.9	
0.181914	0.270894	1.0103	0.490311	-0.118264	0.221501	1547.4	2737	
0.187859	0.272915	1.04295	0.693559	-0.0536958	0.307085	1487.66	2438.32	
0.187767	0.27255	1.07421	0.702367	-0.0555983	0.231056	1469.55	2347.76	
0.188126	0.272477	1.1052	0.721985	-0.0547288	0.111714	1444.1	2220.49	
0.237149	0.169575	1.00909	0.941199	-0.040282	0.0935207	1358.05	1790.26	
0.244445	0.171861	1.04464	1.16449	0.0235676	0.348078	1344.51	1722.55	
0.245058	0.171822	1.0745	1.19201	0.0385693	0.247637	1306.28	1531.42	
0.244522	0.171809	1.10544	1.17352	0.0424577	0.133165	1272.55	1362.74	
0.236663	0.202069	1.00996	0.928838	-0.113059	0.127657	1332.39	1661.97	
0.243666	0.204172	1.04512	1.14	-0.0526835	0.366408	1324.55	1622.74	
0.244353	0.204107	1.07476	1.17176	-0.0370888	0.258206	1285.83	1429.14	
0.244156	0.204259	1.10553	1.1671	-0.0271507	0.140165	1248.75	1243.74	
0.237179	0.235329	1.01015	0.949856	-0.153881	0.136986	1316.68	1583.39	
0.243987	0.237503	1.04528	1.15381	-0.0894981	0.37377	1306.4	1532.02	
0.244654	0.237439	1.07475	1.18469	-0.0735396	0.258012	1264.56	1322.81	
0.244434	0.23758	1.10551	1.17916	-0.064714	0.139495	1227.41	1137.06	
0.2364	0.269075	1.01079	0.920249	-0.166782	0.15769	1311.49	1557.46	
0.243146	0.272174	1.04512	1.12303	-0.0791928	0.370111	1307.53	1537.66	
0.243851	0.271835	1.07468	1.1523	-0.0715131	0.255972	1266.82	1334.09	
0.243788	0.271822	1.10527	1.15225	-0.068086	0.130201	1228.21	1141.03	
0.190767	0.169653	1.13718	0.766555	-0.0201962	0.0528153	1377.3	1886.5	
0.189431	0.169405	1.17021	0.74811	-0.0211792	-0.0261943	1360.65	1803.27	
0.18954	0.169482	1.2042	0.750195	-0.0207168	-0.0441439	1357.49	1787.47	
0.18952	0.169488	1.23819	0.748463	-0.0208938	-0.055556	1361.8	1808.98	
0.189292	0.169434	1.27207	0.738478	-0.0253022	-0.0698007	1375.57	1877.86	
0.189591	0.203415	1.13698	0.751051	-0.0688102	0.0526961	1364.25	1821.27	
0.188332	0.203197	1.17021	0.74552	-0.0756727	-0.0262354	1349.09	1745.44	
0.188409	0.203212	1.2042	0.745192	-0.0769207	-0.0446139	1345.4	1727.02	
0.188379	0.203234	1.23814	0.743202	-0.0765126	-0.0589138	1351.07	1755.36	
0.188336	0.203339	1.27181	0.740237	-0.0744033	-0.0803784	1365.68	1828.39	
0.18994	0.237526	1.13705	0.761726	-0.0828349	0.0551502	1367.51	1837.56	
0.188658	0.237335	1.17022	0.754654	-0.088849	-0.0252758	1352.12	1760.6	
0.188765	0.237402	1.20419	0.755777	-0.0887126	-0.0450455	1347.91	1739.53	
0.188729	0.237477	1.23812	0.753615	-0.0861339	-0.0599963	1353.82	1769.08	
0.188641	0.237614	1.27181	0.74901	-0.080785	-0.0827108	1369.37	1846.83	
0.189656	0.271442	1.13724	0.759633	-0.0899118	0.05366	1388.47	1942.36	
0.188433	0.271344	1.17031	0.744207	-0.101713	-0.0230122	1371.84	1859.22	
0.188525	0.271358	1.20424	0.745399	-0.103126	-0.0433319	1368.19	1840.96	
0.188482	0.271441	1.23819	0.742897	-0.100052	-0.0572425	1373.45	1867.25	
0.188458	0.271633	1.27199	0.741027	-0.0915697	-0.0753504	1385.78	1928.9	
0.246028	0.171673	1.13684	1.23037	0.0378838	0.0186528	1242.82	1214.09	
0.245443	0.171467	1.16954	1.21641	0.0304351	-0.0497385	1224.42	1122.1	
0.245362	0.171444	1.20298	1.21259	0.0293919	-0.0834319	1214.93	1074.65	
0.245513	0.171407	1.23702	1.21827	0.0282916	-0.0919726	1204.83	1024.14	
0.244709	0.171587	1.27155	1.18607	0.0346578	-0.0824294	1212.64	1063.2	
0.245711	0.20379	1.13707	1.2257	-0.0452913	0.028645	1216.92	1084.6	
0.245011	0.203451	1.16962	1.20942	-0.0576313	-0.0464708	1197.56	987.814	
0.244957	0.203397	1.20303	1.20718	-0.0600511	-0.081602	1188.51	942.555	
0.245116	0.203401	1.23694	1.21303	-0.0595306	-0.0957161	1178.96	894.797	
0.244465	0.203703	1.27146	1.18578	-0.0497689	-0.0829034	1184.99	924.956	
0.246037	0.236865	1.1371	1.23953	-0.0935685	0.030179	1192.88	964.404	
0.245327	0.236475	1.16966	1.22293	-0.107364	-0.0443181	1174.21	871.063	
0.245255	0.236426	1.20304	1.21988	-0.10982	-0.0808263	1165.07	825.365	
0.245398	0.236453	1.23692	1.2251	-0.108604	-0.0960719	1157.06	785.283	
0.244726	0.236871	1.27144	1.19695	-0.0943157	-0.0833655	1162.75	813.761	
0.245409	0.271178	1.13705	1.21774	-0.0947495	0.0253686	1194.84	974.211	
0.244644	0.270771	1.16966	1.19539	-0.109206	-0.0445488	1174.57	872.839	
0.244629	0.270713	1.20309	1.19442	-0.111709	-0.0789691	1164.79	823.942	
0.244751	0.270787	1.23698	1.19907	-0.1085	-0.0938065	1157.41	787.06	
0.244163	0.271066	1.27134	1.17331	-0.0991763	-0.0869167	1162.15	810.759	
0.190857	0.169717	1.30585	0.77128	-0.0170575	-0.053961	1349.12	1745.59	
0.189447	0.169315	1.34067	0.749261	-0.0251903	-0.0509016	1340.66	1703.32	
0.189354	0.169384	1.37704	0.740424	-0.0248174	0.0454252	1311.3	1556.48	
0.188449	0.16959	1.41709	0.708214	-0.00769472	0.295144	1223.67	1118.37	
0.189712	0.203383	1.30564	0.757385	-0.0702621	-0.0549365	1334.94	1674.72	
0.188359	0.202953	1.34072	0.747352	-0.0871122	-0.0488154	1326.77	1633.84	
0.188321	0.202772	1.37717	0.740102	-0.0952702	0.0498287	1296.1	1480.5	
0.187441	0.20326	1.41662	0.708206	-0.0749625	0.281843	1203.93	1019.64	
0.190071	0.237415	1.30569	0.768495	-0.088003	-0.0529637	1338.01	1690.05	
0.188693	0.236978	1.34075	0.756877	-0.105473	-0.0468063	1329.29	1646.47	
0.188685	0.236902	1.37708	0.751075	-0.111183	0.0470286	1298.34	1491.72	
0.187765	0.237306	1.41672	0.71764	-0.0927278	0.284615	1205.07	1025.34	
0.189749	0.271139	1.30605	0.76467	-0.103456	-0.0470999	1357.58	1787.88	
0.18849	0.271011	1.34086	0.747519	-0.1174	-0.0436271	1348.3	1741.48	
0.188477	0.270863	1.37719	0.742382	-0.125222	0.0509792	1316.74	1583.71	
0.187759	0.271136	1.41688	0.717366	-0.112496	0.291233	1222.63	1113.15	
0.24617	0.171784	1.3054	1.23829	0.0433189	-0.0934161	1212.46	1062.3	
0.245306	0.171467	1.34023	1.21008	0.0309407	-0.0631017	1199.47	997.354	
0.244613	0.171593	1.37665	1.17893	0.037578	0.0414517	1166.97	834.856	
0.242725	0.172073	1.41607	1.09833	0.068381	0.262899	1071.98	359.915	
0.245916	0.203747	1.30551	1.23671	-0.0471835	-0.0889388	1184.77	923.836	
0.244924	0.203301	1.34031	1.20565	-0.0641815	-0.0599373	1169.96	849.793	
0.244294	0.203324	1.37683	1.17745	-0.0609696	0.0491616	1138.18	690.903	
0.24247	0.204157	1.41566	1.0958	-0.0255475	0.258169	1038.3	191.482	
0.246228	0.236715	1.30554	1.24982	-0.100441	-0.0869874	1160.75	803.739	
0.245233	0.236241	1.34035	1.21873	-0.117807	-0.0578687	1147.09	735.461	
0.244576	0.236311	1.37675	1.18931	-0.114153	0.0470785	1117.74	588.713	
0.242632	0.237051	1.41565	1.10213	-0.0844152	0.258217	1020.04	100.183	
0.245528	0.270875	1.30577	1.22458	-0.108058	-0.0794428	1161.95	809.763	
0.24458	0.270548	1.34039	1.19265	-0.119234	-0.0562346	1147.6	738.023	
0.24404	0.270583	1.37668	1.16797	-0.116665	0.0436211	1117.47	587.369	
0.242315	0.271155	1.41544	1.0902	-0.093699	0.249304	1024.22	121.099	
0.18791	0.170029	1.46213	0.675221	0.0238377	0.690634	1093.61	468.072	
0.189103	0.173587	1.51285	0.700083	0.132125	0.954469	1040.64	203.188	
0.187343	0.202647	1.46203	0.686491	-0.0685224	0.696917	1063.95	319.73	
0.189088	0.205561	1.51265	0.723851	0.0295499	0.944501	1007.54	37.6987	
0.187618	0.235929	1.46231	0.694875	-0.116361	0.706675	1058.16	290.806	
0.189224	0.238435	1.51275	0.729674	-0.0323023	0.947365	994.934	-25.3287	
0.187386	0.269764	1.46257	0.693203	-0.12679	0.707567	1067.47	337.328	
0.189177	0.271997	1.51302	0.728064	-0.062234	0.956761	995.164	-24.1823	
0.239138	0.173289	1.46101	0.972092	0.1226	0.602565	997.588	-12.0588	
0.231797	0.174869	1.5052	0.794517	0.160746	0.773318	920.51	-397.448	
0.238995	0.204868	1.46139	0.97421	0.0214629	0.621084	959.646	-201.772	
0.231651	0.206631	1.50503	0.793361	0.067725	0.766154	889.044	-554.781	
0.238953	0.237376	1.46144	0.971291	-0.0517849	0.623967	940.594	-297.03	
0.231313	0.238826	1.50469	0.778953	-0.020226	0.75139	871.312	-643.438	
0.238557	0.271139	1.46084	0.954452	-0.0696193	0.601342	944.919	-275.407	
0.23094	0.272638	1.50417	0.768595	-0.0440779	0.738396	878.395	-608.025	
0.284618	0.30573	0.973416	0.427125	-0.0854454	0.622586	1215.85	1079.25	
0.284657	0.339416	0.973346	0.428429	-0.111394	0.619855	1236.07	1180.34	
0.283871	0.370814	0.972625	0.392208	-0.232358	0.592808	1287.88	1439.42	
0.279374	0.402754	0.967957	0.218056	-0.294094	0.469164	1620.39	3101.97	
0.270154	0.305702	1.00502	0.828157	-0.0784633	0.762515	1137.5	687.504	
0.269882	0.338584	1.00585	0.811462	-0.127809	0.79903	1157.23	786.139	
0.270052	0.37001	1.00699	0.816914	-0.249341	0.851812	1150.05	750.251	
0.265422	0.4003	1.00245	0.657022	-0.301078	0.729251	1331.98	1659.88	
0.183738	0.30463	1.01076	0.535709	-0.0998527	0.231775	1514.32	2571.59	
0.189636	0.306852	1.04312	0.733558	-0.0267646	0.307774	1454.51	2272.54	
0.189511	0.306506	1.07431	0.735743	-0.0241828	0.232186	1436.47	2182.36	
0.189598	0.30612	1.10544	0.744023	-0.0383955	0.122926	1413.94	2069.72	
0.181651	0.339331	1.01066	0.483884	-0.108945	0.233736	1519.64	2598.18	
0.187637	0.341441	1.04309	0.688769	-0.0401078	0.312672	1457.79	2288.94	
0.187537	0.340928	1.07426	0.698183	-0.0473905	0.232194	1442.06	2210.29	
0.187855	0.340822	1.105	0.71588	-0.0497458	0.104913	1419.36	2096.78	
0.180691	0.373681	1.01042	0.444157	-0.117517	0.224501	1546.03	2730.14	
0.186205	0.375557	1.04295	0.632067	-0.0556396	0.308259	1485.06	2425.29	
0.186099	0.375124	1.074	0.640644	-0.0588189	0.222139	1462.75	2313.76	
0.186381	0.374825	1.10491	0.656923	-0.068679	0.0982885	1442.01	2210.05	
0.178077	0.40701	1.00988	0.324464	-0.201451	0.196751	1983.31	4916.54	
0.1818	0.410031	1.0409	0.453073	-0.0924658	0.230602	1996.16	4980.81	
0.181278	0.408519	1.07286	0.444854	-0.13791	0.175043	1936.88	4684.41	
0.181422	0.408608	1.10438	0.454089	-0.129196	0.0746133	1903.41	4517.07	
0.238202	0.303442	1.00972	0.986539	-0.171539	0.122031	1321.02	1605.1	
0.245288	0.305809	1.04492	1.19926	-0.102069	0.360057	1311.99	1559.97	
0.246014	0.305625	1.07462	1.23151	-0.0907715	0.252901	1271.15	1355.75	
0.245652	0.305403	1.10564	1.22143	-0.0959072	0.141094	1234.04	1170.22	
0.236779	0.337019	1.01012	0.935094	-0.202329	0.134516	1333.24	1666.18	
0.243728	0.338948	1.04516	1.14415	-0.149295	0.368456	1329.61	1648.04	
0.244481	0.33874	1.07469	1.17904	-0.138994	0.254528	1291.53	1457.65	
0.244248	0.338798	1.10532	1.17243	-0.133562	0.130947	1253.04	1265.2	
0.235449	0.36894	1.00985	0.884866	-0.301364	0.122658	1367.03	1835.16	
0.243224	0.371307	1.04503	1.13014	-0.216303	0.368042	1339.4	1697.01	
0.243755	0.370867	1.07421	1.15601	-0.211421	0.23381	1298.78	1493.92	
0.243732	0.370639	1.10498	1.15662	-0.21739	0.116893	1260.35	1301.77	
0.229724	0.40188	1.00854	0.705306	-0.315225	0.0858921	1600.69	3003.45	
0.234519	0.404289	1.04175	0.830083	-0.209107	0.246526	1597.95	2989.74	
0.234556	0.403125	1.07274	0.838804	-0.230447	0.171218	1532.99	2664.95	
0.234716	0.403098	1.10407	0.841892	-0.228383	0.0755127	1487.79	2438.95	
0.19136	0.30558	1.13731	0.787673	-0.0655247	0.0589977	1358.23	1791.14	
0.190057	0.305296	1.17026	0.770818	-0.068722	-0.0235791	1341.25	1706.24	
0.190166	0.305324	1.20417	0.772843	-0.0706637	-0.045051	1337.4	1687.02	
0.190142	0.305367	1.23812	0.771197	-0.0690399	-0.0590017	1342.3	1711.48	
0.18993	0.305314	1.27208	0.762555	-0.0731833	-0.06916	1356.38	1781.92	
0.189415	0.339932	1.13709	0.744714	-0.0869643	0.0573005	1363.2	1815.99	
0.188182	0.339766	1.17025	0.738099	-0.0927985	-0.0244472	1347.07	1735.33	
0.188201	0.339724	1.20422	0.737835	-0.095153	-0.0438947	1344.05	1720.24	
0.188191	0.339747	1.23815	0.736422	-0.0947888	-0.0584704	1349.52	1747.58	
0.188189	0.339913	1.27176	0.735029	-0.0895462	-0.0827352	1363.63	1818.13	
0.187964	0.373562	1.13706	0.690899	-0.123801	0.0562163	1387.26	1936.29	
0.186507	0.373403	1.17028	0.672155	-0.128291	-0.0225489	1372.18	1860.9	
0.186648	0.373413	1.20431	0.674583	-0.130585	-0.0394724	1368.5	1842.52	
0.186629	0.373514	1.23825	0.673059	-0.126705	-0.0538186	1374.09	1870.47	
0.186637	0.373715	1.27188	0.672406	-0.118287	-0.0797353	1388.42	1942.1	
0.182942	0.407038	1.13676	0.495829	-0.189114	0.0307135	1829.73	4148.65	
0.181411	0.406931	1.17043	0.460624	-0.201426	-0.0192073	1819.82	4099.11	
0.18157	0.406928	1.2046	0.46498	-0.203867	-0.026731	1820.4	4102	
0.181498	0.407025	1.23867	0.461307	-0.200132	-0.0349568	1827.57	4137.86	
0.181515	0.407428	1.27241	0.461173	-0.182019	-0.0568481	1840.7	4203.49	
0.247129	0.304652	1.13708	1.2765	-0.127759	0.0299539	1201.52	1007.59	
0.246587	0.304397	1.16961	1.26473	-0.137005	-0.0458824	1182.3	911.517	
0.246505	0.304342	1.20296	1.26092	-0.139648	-0.0838549	1171.92	859.612	
0.246614	0.304398	1.23688	1.26473	-0.137055	-0.0971847	1162.76	813.787	
0.245904	0.30465	1.27154	1.23732	-0.127872	-0.0828097	1168.73	843.648	
0.24583	0.33768	1.13716	1.23293	-0.181042	0.0313891	1222.33	1111.66	
0.245198	0.337446	1.16966	1.2191	-0.189166	-0.0448895	1204.99	1024.93	
0.245119	0.337396	1.203	1.21603	-0.191443	-0.0829933	1194.5	972.514	
0.245281	0.337412	1.23689	1.22219	-0.190327	-0.0977647	1185.76	928.786	
0.244576	0.337905	1.2713	1.19208	-0.171974	-0.0895321	1189.6	947.979	
0.244824	0.36907	1.13725	1.20117	-0.282543	0.0301808	1230.66	1153.28	
0.244367	0.368954	1.16965	1.19085	-0.289331	-0.0466872	1216.78	1083.9	
0.244333	0.368789	1.20301	1.18916	-0.296711	-0.0835091	1207.2	1036	
0.244497	0.368801	1.23688	1.19566	-0.296389	-0.0989211	1200.76	1003.8	
0.24398	0.369331	1.27125	1.17187	-0.275457	-0.0907385	1200.86	1004.29	
0.236045	0.401783	1.13677	0.900917	-0.283259	0.00815206	1440.57	2202.84	
0.235089	0.401366	1.16979	0.868193	-0.299416	-0.0434516	1420.92	2104.59	
0.235193	0.401214	1.20335	0.871709	-0.306242	-0.0721839	1411.51	2057.54	
0.235342	0.401175	1.23721	0.878009	-0.308467	-0.088187	1409.81	2049.07	
0.235038	0.401776	1.27129	0.858944	-0.286197	-0.0900096	1418.8	2094	
0.191484	0.305373	1.30589	0.794092	-0.0751751	-0.0515406	1326.49	1632.43	
0.190094	0.304907	1.34078	0.773105	-0.0870487	-0.0454448	1317.18	1585.92	
0.190004	0.304684	1.3773	0.764816	-0.100022	0.0571947	1284.54	1422.72	
0.189118	0.304332	1.41758	0.735077	-0.105547	0.313566	1195.21	976.038	
0.189537	0.339716	1.30574	0.751091	-0.0971431	-0.0502495	1333.04	1665.2	
0.188226	0.339322	1.34078	0.740815	-0.113833	-0.0462421	1323.84	1619.22	
0.188138	0.338846	1.37714	0.733871	-0.133849	0.0476192	1295.62	1478.1	
0.187264	0.33886	1.41645	0.70141	-0.135477	0.274379	1205.88	1029.38	
0.188041	0.373193	1.30589	0.694954	-0.141211	-0.043313	1359.52	1797.59	
0.186544	0.372845	1.3408	0.674489	-0.154684	-0.0450074	1351.54	1757.72	
0.186613	0.372434	1.37675	0.671887	-0.176339	0.0305655	1328.1	1640.51	
0.185697	0.371925	1.41549	0.639581	-0.199162	0.228625	1246.75	1233.76	
0.183007	0.406523	1.30618	0.49913	-0.212847	-0.0416376	1799.79	3998.95	
0.181419	0.406436	1.34103	0.461406	-0.225043	-0.0380017	1798.82	3994.09	
0.18153	0.406015	1.37644	0.462559	-0.246666	0.0132969	1779.83	3899.14	
0.180708	0.40561	1.41366	0.431676	-0.264097	0.144319	1700.26	3501.28	
0.247283	0.304445	1.30552	1.2851	-0.137269	-0.087636	1167.66	838.321	
0.246433	0.304139	1.34032	1.25773	-0.148873	-0.0582136	1154.24	771.21	
0.245667	0.304131	1.37684	1.22373	-0.149059	0.0508604	1121.08	605.383	
0.243615	0.304328	1.41631	1.13598	-0.129424	0.27146	1025.12	125.612	
0.246034	0.33744	1.3056	1.2439	-0.192192	-0.0856644	1190.06	950.31	
0.245105	0.337101	1.34031	1.21512	-0.205186	-0.0602791	1178.12	890.585	
0.24447	0.336932	1.37664	1.18705	-0.210741	0.0392222	1147.58	737.899	
0.2426	0.337497	1.41533	1.10313	-0.187977	0.244012	1050.72	253.623	
0.244975	0.368644	1.30591	1.20939	-0.302641	-0.0768166	1201.36	1006.78	
0.244313	0.368427	1.34025	1.18854	-0.314021	-0.0650564	1193.8	969.011	
0.243816	0.36805	1.37601	1.16624	-0.331224	0.010505	1170.09	850.472	
0.242116	0.367995	1.41433	1.08765	-0.336296	0.199733	1079.59	397.947	
0.236205	0.401197	1.30594	0.909078	-0.310216	-0.075854	1409.74	2048.69	
0.235112	0.400879	1.34033	0.869526	-0.322431	-0.0651189	1399.46	1997.31	
0.234858	0.40045	1.37539	0.857188	-0.342071	-0.023383	1378.58	1892.9	
0.23419	0.4004	1.41225	0.821235	-0.348975	0.1037	1309.54	1547.69	
0.188571	0.303322	1.46276	0.701565	-0.130714	0.714833	1056.18	280.915	
0.189761	0.305397	1.51317	0.727223	-0.0812151	0.966145	996.333	-18.3345	
0.187082	0.336994	1.46183	0.674752	-0.182388	0.687183	1065.1	325.49	
0.188832	0.338349	1.51276	0.712257	-0.153881	0.949977	1023.79	118.927	
0.185475	0.368448	1.4607	0.612482	-0.307693	0.64737	1090.85	454.245	
0.187521	0.368094	1.51258	0.666917	-0.318986	0.946823	1030.7	153.484	
0.180253	0.401633	1.45587	0.410781	-0.374393	0.464473	1431.87	2159.36	
0.181546	0.399742	1.50651	0.460397	-0.362242	0.761925	1233.57	1167.85	
0.239562	0.304433	1.4615	0.988223	-0.117875	0.622384	949.406	-252.968	
0.231547	0.305622	1.50488	0.782616	-0.0966597	0.759109	880.065	-599.676	
0.239123	0.336948	1.46092	0.980731	-0.193125	0.598826	976.432	-117.838	
0.231823	0.338369	1.50519	0.801209	-0.161053	0.775879	915.037	-424.817	
0.238468	0.365996	1.45987	0.96055	-0.386212	0.563999	987.838	-60.811	
0.231696	0.365673	1.50487	0.794909	-0.395881	0.765292	912.851	-435.744	
0.231841	0.397887	1.45452	0.750399	-0.40961	0.384777	1148.87	744.336	
0.228674	0.396843	1.50223	0.665944	-0.389039	0.650268	1001.18	5.90903	
0.325137	0.111413	0.978861	0.501874	0.263741	0.784803	1218.62	1093.08	
0.327212	0.142495	0.978975	0.571311	0.240646	0.774427	1000.87	4.3278	
0.355397	0.110706	0.95359	0.302617	0.24999	0.823866	1343.7	1718.48	
0.356497	0.141654	0.95527	0.316225	0.216126	0.850258	1079.81	399.057	
0.381318	0.108939	0.9223	0.185569	0.237002	0.611499	1560.48	2802.38	
0.384611	0.140473	0.924375	0.304411	0.169185	0.646659	1212.75	1063.73	
0.426506	0.111598	0.928779	0.450086	0.272606	0.782649	1216.51	1082.55	
0.428109	0.14286	0.92934	0.499663	0.253378	0.788051	1001.8	9.00413	
0.327913	0.17268	0.979863	0.599305	0.0883741	0.804321	979.696	-101.519	
0.32811	0.204912	0.979756	0.609559	0.0061154	0.797744	958.749	-206.253	
0.328133	0.238283	0.979664	0.610777	-0.0309489	0.793278	947.815	-260.923	
0.328145	0.272129	0.979615	0.611124	-0.0473736	0.791299	945.148	-274.258	
0.355664	0.172674	0.956724	0.296818	0.0831067	0.897781	1053.53	267.634	
0.356172	0.20458	0.95697	0.308939	-0.00793776	0.912803	1032.23	161.167	
0.356071	0.237929	0.957204	0.305219	-0.045126	0.922333	1021.83	109.155	
0.35613	0.271708	0.957018	0.302728	-0.0601562	0.917892	1015.19	75.9665	
0.385051	0.171637	0.925621	0.315725	0.0607648	0.700257	1160.07	800.344	
0.384449	0.20444	0.926237	0.307309	-0.017686	0.724578	1136.33	681.645	
0.384664	0.237939	0.926379	0.31607	-0.0530867	0.732871	1131.4	657.008	
0.385133	0.271505	0.926196	0.33238	-0.0784748	0.726192	1129.6	648.011	
0.428926	0.172702	0.929928	0.529875	0.0867726	0.810877	982.699	-86.5057	
0.428632	0.205064	0.929906	0.52115	0.0123411	0.807565	955.34	-223.298	
0.4287	0.238278	0.929838	0.523146	-0.0309904	0.804321	943.146	-284.268	
0.428589	0.27234	0.930031	0.519651	-0.0416162	0.807398	942.585	-287.074	
0.328065	0.30588	0.979801	0.606309	-0.0685626	0.800312	947.678	-261.609	
0.328263	0.339101	0.979975	0.616526	-0.115529	0.808244	970.086	-149.568	
0.328151	0.3691	0.980695	0.609162	-0.294814	0.838645	982.17	-89.1495	
0.324003	0.399292	0.97726	0.470873	-0.346769	0.74204	1182.4	912.013	
0.355883	0.305781	0.957176	0.306332	-0.0804706	0.917448	1018.01	90.0559	
0.356337	0.338662	0.957164	0.316625	-0.136003	0.922041	1042.19	210.947	
0.357117	0.369351	0.95723	0.34563	-0.289748	0.930858	1065.71	328.526	
0.354122	0.399539	0.951527	0.265983	-0.354963	0.766608	1312.98	1564.91	
0.385386	0.305112	0.926407	0.330335	-0.0896771	0.734889	1119.82	599.106	
0.384512	0.338762	0.926331	0.310181	-0.135308	0.729458	1145.41	727.04	
0.384293	0.370242	0.925629	0.2979	-0.258297	0.703872	1202.43	1012.17	
0.380961	0.401734	0.92048	0.174696	-0.333645	0.563448	1544.75	2723.76	
0.428888	0.306004	0.929938	0.528443	-0.0662968	0.809715	949.982	-250.09	
0.428804	0.339166	0.930106	0.52897	-0.113647	0.817231	968.17	-159.151	
0.429025	0.368908	0.930726	0.535699	-0.303292	0.842782	981.582	-92.089	
0.42543	0.399123	0.927198	0.421186	-0.35471	0.740543	1181.07	905.367	
0.554214	0.109177	0.847581	0.246615	0.246506	0.614061	1512.46	2562.3	
0.555992	0.141052	0.850706	0.306842	0.193224	0.691598	1169.59	847.973	
0.457768	0.110804	0.903846	0.29149	0.253825	0.835312	1338.45	1692.24	
0.458549	0.141858	0.905747	0.295797	0.220361	0.867252	1076.86	384.301	
0.483015	0.108773	0.872366	0.144018	0.228854	0.614142	1584.6	2922.98	
0.486144	0.140288	0.874627	0.256622	0.160872	0.658086	1244.8	1223.98	
0.525692	0.110868	0.880119	0.337253	0.253476	0.835975	1254.38	1271.89	
0.526798	0.142871	0.881446	0.36498	0.248295	0.866655	1006.01	30.0593	
0.556126	0.171903	0.851497	0.31816	0.060746	0.724985	1136.96	684.794	
0.556678	0.2047	0.851723	0.336147	-0.00779067	0.739563	1106.97	534.865	
0.556688	0.238202	0.85192	0.337454	-0.0418166	0.748934	1097.3	486.485	
0.556801	0.27206	0.851922	0.342633	-0.0582688	0.749309	1098.08	490.415	
0.457765	0.172771	0.907002	0.272352	0.0865303	0.91097	1053.93	269.664	
0.458232	0.204686	0.907267	0.282594	-0.00334739	0.926356	1030.82	154.089	
0.458073	0.238039	0.907511	0.276473	-0.0405076	0.936013	1018.16	90.7931	
0.458105	0.271834	0.90749	0.278096	-0.0591238	0.934798	1011.19	55.9449	
0.486325	0.171598	0.875843	0.258469	0.0569247	0.711872	1199.96	999.803	
0.485871	0.204502	0.876522	0.254363	-0.0153173	0.738817	1175.56	877.782	
0.486089	0.238023	0.8767	0.263714	-0.0500987	0.748223	1167.15	835.737	
0.486563	0.271465	0.876519	0.280294	-0.0803705	0.741301	1164.15	820.735	
0.527055	0.172802	0.88209	0.382268	0.0904713	0.887504	988.184	-59.0776	
0.52692	0.205086	0.881992	0.377786	0.0132172	0.881861	959.698	-201.512	
0.527004	0.238194	0.881942	0.380774	-0.0350517	0.87945	946.993	-265.033	
0.527151	0.272567	0.882104	0.378653	-0.0402826	0.885923	950.056	-249.72	
0.556336	0.305745	0.852227	0.329586	-0.0748586	0.757251	1099.54	497.694	
0.556726	0.339373	0.851827	0.338385	-0.110276	0.744594	1115.05	575.256	
0.556194	0.37056	0.851734	0.317879	-0.24771	0.740674	1159.65	798.24	
0.553649	0.401636	0.845635	0.228322	-0.336481	0.562803	1506.68	2533.42	
0.457911	0.305869	0.90746	0.278494	-0.0773199	0.930639	1017.71	88.5388	
0.458421	0.338741	0.907452	0.291443	-0.13257	0.935142	1041.08	205.384	
0.459285	0.369401	0.907497	0.324581	-0.28728	0.942979	1063.46	317.293	
0.456514	0.399531	0.901752	0.255631	-0.355005	0.776925	1311.3	1556.51	
0.486685	0.305093	0.876682	0.274345	-0.092758	0.749104	1159.74	798.72	
0.485921	0.338831	0.876602	0.256472	-0.132597	0.743063	1184.97	924.83	
0.485804	0.370407	0.875821	0.248504	-0.251035	0.71342	1238.53	1192.63	
0.482772	0.401975	0.870457	0.13793	-0.322829	0.56245	1571.87	2859.33	
0.527075	0.305964	0.882151	0.383165	-0.0698603	0.889332	958.138	-209.31	
0.527012	0.339009	0.882265	0.382057	-0.121061	0.894732	972.766	-136.169	
0.527162	0.368999	0.882936	0.385219	-0.301241	0.923358	980.593	-97.0354	
0.524918	0.399899	0.878348	0.315382	-0.334567	0.786943	1218.98	1094.91	
0.629343	0.110696	0.828685	0.318076	0.249408	0.828583	1341.72	1708.59	
0.630128	0.141602	0.830354	0.316044	0.213544	0.854443	1076.37	381.868	
0.654955	0.108943	0.797295	0.185813	0.237231	0.611279	1560.35	2801.75	
0.658258	0.140488	0.799389	0.305108	0.169982	0.647376	1212.47	1062.33	
0.700144	0.111616	0.803773	0.450299	0.273422	0.782366	1216.03	1080.13	
0.701779	0.142882	0.80429	0.501266	0.254411	0.785748	1000.3	1.50258	
0.597703	0.11154	0.853498	0.452658	0.271086	0.771257	1226.24	1131.2	
0.599231	0.142948	0.853945	0.497241	0.261263	0.777672	1007.65	38.2543	
0.629136	0.172622	0.83175	0.28886	0.0803888	0.898935	1049.07	245.374	
0.629569	0.204513	0.831984	0.297276	-0.0112573	0.913376	1027.46	137.297	
0.629434	0.237911	0.832198	0.291813	-0.0459969	0.921898	1017.1	85.4799	
0.62953	0.27171	0.831988	0.291114	-0.0600188	0.91633	1010.33	51.6559	
0.658691	0.17164	0.80065	0.316093	0.0609061	0.701631	1159.6	797.979	
0.658073	0.204432	0.801266	0.306887	-0.0180411	0.72603	1135.81	679.068	
0.658277	0.237933	0.801406	0.315086	-0.0533691	0.734204	1130.92	654.613	
0.658758	0.271508	0.80122	0.33199	-0.0783088	0.727403	1129.1	645.485	
0.702623	0.172684	0.804864	0.532926	0.085764	0.807872	979.981	-100.096	
0.702315	0.204996	0.804858	0.523438	0.00918848	0.805341	953.758	-231.209	
0.70235	0.238245	0.80482	0.523946	-0.0325763	0.803462	942.365	-288.175	
0.702251	0.272331	0.804989	0.520929	-0.0420537	0.805502	941.254	-293.732	
0.599556	0.172848	0.854968	0.509741	0.0964478	0.814476	984.435	-77.8272	
0.59972	0.204998	0.854967	0.516862	0.0109257	0.813035	962.836	-185.819	
0.599808	0.238347	0.854928	0.520322	-0.0279572	0.811086	951.14	-244.3	
0.599885	0.272168	0.854896	0.524045	-0.0461934	0.80962	947.879	-260.607	
0.629239	0.305839	0.832159	0.292664	-0.0776327	0.916406	1013.04	65.2087	
0.629761	0.338772	0.832172	0.306249	-0.130405	0.922319	1037.87	189.331	
0.630673	0.369476	0.832308	0.341708	-0.283478	0.934766	1062.49	312.473	
0.628052	0.399582	0.826574	0.280663	-0.352738	0.768979	1311.73	1558.65	
0.659019	0.305116	0.801434	0.330307	-0.0895071	0.736172	1119.06	595.286	
0.658147	0.338758	0.801357	0.310259	-0.135488	0.730758	1144.82	724.082	
0.657939	0.370228	0.800642	0.298552	-0.258973	0.704516	1202.21	1011.04	
0.654605	0.401728	0.795471	0.175271	-0.333928	0.563031	1544.7	2723.5	
0.70261	0.305945	0.804867	0.531312	-0.0679663	0.807115	947.862	-260.691	
0.70247	0.339105	0.805049	0.530464	-0.116279	0.814461	966.683	-166.587	
0.702654	0.368879	0.805684	0.535497	-0.304577	0.840693	978.196	-109.021	
0.699061	0.399094	0.80219	0.421106	-0.356149	0.74017	1179.79	898.953	
0.599718	0.305847	0.855062	0.517011	-0.0709122	0.818127	950.942	-245.288	
0.599845	0.338843	0.855185	0.522973	-0.128283	0.823557	974.734	-126.332	
0.60011	0.368621	0.855761	0.531794	-0.317235	0.847301	990.817	-45.9172	
0.596715	0.399219	0.851967	0.427775	-0.352147	0.731379	1192.78	963.897	
0.73144	0.11072	0.7788	0.2935	0.250111	0.833011	1339.96	1699.81	
0.732365	0.141663	0.780567	0.299206	0.217323	0.863398	1078.3	391.518	
0.756994	0.108804	0.74732	0.157943	0.230426	0.612179	1570.9	2854.51	
0.759564	0.140356	0.749606	0.250302	0.156975	0.655006	1232.36	1161.81	
0.80023	0.110542	0.75624	0.335347	0.222486	0.896792	1305.25	1526.27	
0.800831	0.141563	0.757047	0.339404	0.193234	0.907335	1073.05	365.267	
0.814959	0.106101	0.719741	-0.2463	0.122492	0.588031	2136.44	5682.21	
0.815376	0.137665	0.721475	-0.227898	0.042618	0.611216	1842.06	4210.31	
0.731772	0.172513	0.78184	0.278377	0.086659	0.90711	1050.72	253.591	
0.731929	0.204505	0.782198	0.286203	-0.00930048	0.922114	1027.57	137.875	
0.731797	0.23788	0.782433	0.280884	-0.0471334	0.932108	1017.24	86.2139	
0.731919	0.271617	0.782328	0.281985	-0.0636544	0.931415	1012.59	62.9263	
0.759915	0.171571	0.750649	0.248539	0.0560515	0.703766	1187.59	937.952	
0.759165	0.20452	0.751429	0.234448	-0.0147575	0.73382	1161.92	809.611	
0.759392	0.23801	0.751543	0.2434	-0.0498757	0.740706	1153.63	768.159	
0.759718	0.271602	0.751456	0.260099	-0.0800387	0.736403	1154.29	771.433	
0.800247	0.17301	0.758415	0.314706	0.089684	0.959486	1052.81	264.043	
0.800382	0.204844	0.758073	0.314225	-0.000145196	0.948569	1041.9	209.516	
0.800299	0.238262	0.75806	0.310288	-0.0328658	0.94684	1028.82	144.077	
0.800181	0.272385	0.758231	0.306637	-0.0391935	0.949032	1022.25	111.23	
0.814055	0.171014	0.72291	-0.276131	0.00670489	0.671378	1793.34	3966.71	
0.814098	0.204431	0.722993	-0.27506	-0.0285122	0.675522	1784.74	3923.68	
0.813925	0.23826	0.723249	-0.28245	-0.0462886	0.687079	1777.55	3887.77	
0.8145	0.271854	0.722864	-0.262025	-0.0681609	0.671752	1780.74	3903.69	
0.730647	0.401217	0.777464	0.280588	-0.270509	0.812552	1316.87	1584.35	
0.73188	0.305606	0.782304	0.283819	-0.0785133	0.926478	1015.43	77.1466	
0.732085	0.338406	0.782367	0.293349	-0.146527	0.930273	1038.46	192.284	
0.73226	0.368747	0.780923	0.291523	-0.319155	0.864354	1067.26	336.282	
0.760096	0.305162	0.751497	0.255935	-0.0888246	0.741287	1149.7	748.496	
0.75931	0.338887	0.751418	0.241255	-0.130118	0.733517	1171.02	855.116	
0.759318	0.370549	0.750721	0.239354	-0.24348	0.708206	1219.41	1097.04	
0.756618	0.401943	0.745429	0.146066	-0.323657	0.560719	1557.17	2785.84	
0.799953	0.306811	0.758522	0.30063	-0.0394881	0.963251	1027.52	137.589	
0.800624	0.339421	0.758236	0.32552	-0.103061	0.956336	1051.74	258.714	
0.801554	0.370195	0.758476	0.36488	-0.243936	0.964727	1055.56	277.778	
0.799055	0.400287	0.754208	0.299884	-0.300362	0.834255	1266.69	1333.45	
0.813849	0.306275	0.72342	-0.28477	-0.0631235	0.693914	1768.36	3841.78	
0.814093	0.340198	0.722995	-0.275554	-0.0774781	0.675833	1788.78	3943.9	
0.814636	0.373481	0.722335	-0.256831	-0.118419	0.652216	1830.65	4153.27	
0.815716	0.40535	0.71759	-0.214871	-0.190244	0.518372	2147.07	5735.36	
