x	y	z	U	V	W	Ro	P	
0.105369	0.101931	1.00957	0.232449	0.0897479	0.0202926	2420.7	7103.52	
0.103684	0.100156	1.04389	0.219382	0.0734433	0.0583331	2483.92	7419.61	
0.105263	0.101075	1.07719	0.241523	0.0678005	0.160417	2451.15	7255.77	
0.105169	0.10106	1.10932	0.231883	0.0648723	0.173116	2454.47	7272.37	
0.108744	0.13422	1.00932	0.310309	0.0335917	0.0579127	1968.56	4842.8	
0.108744	0.135668	1.04393	0.372212	0.00902893	0.0679298	1927.92	4639.62	
0.109529	0.135564	1.07688	0.36122	0.0358007	0.135965	1920.46	4602.32	
0.109677	0.13619	1.10939	0.358279	0.052496	0.165701	1927.34	4636.68	
0.148675	0.105873	1.01063	0.512021	0.146163	0.0825385	1833.63	4168.16	
0.106226	0.101161	1.14072	0.266526	0.0731736	0.122809	2419.92	7099.6	
0.106033	0.101769	1.17315	0.262046	0.0886552	0.075243	2388.56	6942.82	
0.106234	0.101753	1.20614	0.271872	0.0898842	0.0373042	2374.26	6871.32	
0.106236	0.101821	1.2398	0.274084	0.0936569	0.0149331	2365.85	6829.27	
0.106321	0.101902	1.27367	0.271526	0.0920386	-0.00387067	2359.89	6799.44	
0.110876	0.13547	1.1409	0.392125	0.040742	0.136993	1885.54	4427.71	
0.110326	0.136017	1.17328	0.370583	0.0606329	0.0818724	1868.18	4340.91	
0.110697	0.135999	1.20623	0.388393	0.0619225	0.042066	1846.84	4234.2	
0.110816	0.136008	1.23962	0.395972	0.0635534	0.0106614	1833.54	4167.7	
0.110999	0.136133	1.2734	0.399959	0.063368	-0.00287944	1826.59	4132.94	
0.107503	0.102496	1.30724	0.307212	0.117464	-0.0163335	2312.51	6562.55	
0.106783	0.102483	1.34246	0.295543	0.121443	0.0201328	2295.2	6476.01	
0.107722	0.103524	1.38035	0.330194	0.162724	0.1687	2188.52	5942.6	
0.110479	0.106526	1.42334	0.399241	0.244789	0.425231	1927.14	4635.68	
0.112458	0.136381	1.30717	0.440633	0.0823852	-0.000740385	1766.34	3831.71	
0.11163	0.136476	1.34292	0.425965	0.0833532	0.0490361	1736.32	3681.59	
0.112854	0.137108	1.38244	0.466426	0.11199	0.25365	1615.67	3078.33	
0.115486	0.139772	1.42697	0.509487	0.196934	0.525604	1394.75	1973.75	
0.112882	0.108186	1.47111	0.401025	0.234616	0.559387	1683.68	3418.39	
0.116852	0.113178	1.52406	0.349908	0.225507	0.54446	1280.59	1402.97	
0.117122	0.140965	1.4776	0.465144	0.259429	0.675238	1223	1114.99	
0.119231	0.147066	1.53268	0.394677	0.302352	0.70423	1031.22	156.082	
0.111217	0.166818	1.00974	0.388607	-0.0345468	0.0775664	1869.04	4345.19	
0.110889	0.169864	1.04368	0.455384	-0.0302638	0.0757619	1827.85	4139.26	
0.11221	0.1694	1.07737	0.460364	-0.0134446	0.138924	1807.73	4038.66	
0.112161	0.169911	1.11004	0.441994	0.0150765	0.168617	1812.81	4064.07	
0.110308	0.200657	1.00969	0.385455	-0.0984127	0.0900587	1873.28	4366.41	
0.110411	0.204412	1.04344	0.446453	-0.0651179	0.0728367	1820.79	4103.93	
0.111228	0.203529	1.07705	0.439871	-0.0626243	0.134033	1808.54	4042.71	
0.111526	0.204465	1.10953	0.439186	-0.0211147	0.159983	1806.58	4032.91	
0.110642	0.235435	1.00966	0.401734	-0.0982086	0.0935369	1874.23	4371.13	
0.11052	0.239412	1.04332	0.457108	-0.0558087	0.0685465	1826.33	4131.65	
0.11153	0.238472	1.07697	0.45705	-0.0563089	0.13266	1811.78	4058.91	
0.1118	0.239364	1.10956	0.454579	-0.0146425	0.158306	1808.83	4044.16	
0.110613	0.269989	1.0095	0.396279	-0.0983672	0.0871651	1881.09	4405.45	
0.110539	0.274194	1.0433	0.45383	-0.0498223	0.0679051	1832.74	4163.7	
0.111546	0.273198	1.07692	0.452221	-0.0505421	0.130518	1816.21	4081.05	
0.111652	0.273909	1.10951	0.445543	-0.012896	0.1575	1818.08	4090.39	
0.113175	0.168841	1.14232	0.453411	-0.00483301	0.178899	1772.99	3864.96	
0.113132	0.169433	1.1741	0.464215	0.01957	0.107694	1753.47	3767.36	
0.113601	0.169319	1.20667	0.485001	0.0174523	0.0570804	1726.81	3634.07	
0.113807	0.169232	1.23984	0.496311	0.0131907	0.016792	1711.49	3557.43	
0.113834	0.169423	1.27337	0.489105	0.0188407	-0.0151948	1700.53	3502.64	
0.112456	0.202583	1.1418	0.443561	-0.0646391	0.169519	1759.74	3798.68	
0.112207	0.203421	1.17382	0.452921	-0.0358972	0.100065	1748.71	3743.57	
0.112765	0.203133	1.20657	0.474419	-0.0449996	0.0538544	1718.43	3592.17	
0.112914	0.20301	1.23973	0.483979	-0.0490501	0.0112343	1704.87	3524.36	
0.113277	0.20317	1.27327	0.49609	-0.0473978	-0.0129202	1690.25	3451.23	
0.112895	0.237236	1.14191	0.466603	-0.0720503	0.17331	1755.2	3776	
0.112687	0.238005	1.17379	0.473833	-0.0451024	0.0991405	1741.85	3709.24	
0.113193	0.237707	1.20656	0.4969	-0.054572	0.0529261	1713.9	3569.51	
0.113358	0.237601	1.23974	0.50658	-0.0589838	0.0119274	1699.59	3497.95	
0.113762	0.237723	1.27328	0.517636	-0.056523	-0.0160646	1682.06	3410.31	
0.112843	0.272022	1.14188	0.468293	-0.0671359	0.171218	1765.88	3829.41	
0.112652	0.272427	1.17382	0.467518	-0.0510005	0.10046	1746.73	3733.63	
0.113129	0.272174	1.20659	0.489627	-0.0601247	0.0543429	1719.59	3597.94	
0.113307	0.272068	1.2398	0.499658	-0.0640348	0.0140049	1704.46	3522.29	
0.113674	0.272177	1.27344	0.511203	-0.0599661	-0.00961074	1686.62	3433.09	
0.114717	0.16967	1.30794	0.491365	0.032845	0.0319389	1642.79	3213.93	
0.114885	0.169025	1.34409	0.533255	0.011671	0.0980978	1596.68	2983.39	
0.116352	0.169125	1.38467	0.574553	0.0227247	0.318565	1463.28	2316.41	
0.118503	0.171151	1.4307	0.57608	0.128882	0.587193	1261.84	1309.2	
0.114532	0.202862	1.30782	0.507021	-0.0511209	0.037181	1620.2	3101	
0.114135	0.202165	1.34415	0.53442	-0.0786282	0.100483	1583.06	2915.32	
0.11569	0.201625	1.38473	0.581034	-0.0786367	0.319798	1444.24	2221.19	
0.118719	0.203394	1.42967	0.614744	-0.00913847	0.58531	1223.49	1117.45	
0.114997	0.236999	1.30795	0.53156	-0.0808123	0.0414778	1610.81	3054.07	
0.114774	0.236269	1.34423	0.559663	-0.10631	0.102961	1567.12	2835.61	
0.116374	0.235555	1.38469	0.611401	-0.119658	0.323984	1426.91	2134.57	
0.11939	0.236707	1.43012	0.64625	-0.0775596	0.599032	1202.59	1012.95	
0.114905	0.271277	1.30815	0.533744	-0.0883397	0.0426528	1618.2	3090.98	
0.114732	0.270627	1.34436	0.553481	-0.118098	0.108082	1569.2	2846.01	
0.116289	0.269778	1.38474	0.60563	-0.137726	0.327272	1429.56	2147.78	
0.11915	0.270289	1.4299	0.643204	-0.10872	0.596607	1214.02	1070.1	
0.120512	0.171013	1.48027	0.53838	0.180527	0.714969	1118.04	590.22	
0.122231	0.177112	1.53265	0.455772	0.231007	0.690172	980.321	-98.3967	
0.121122	0.201661	1.47978	0.58254	0.0464584	0.70962	1064.61	323.034	
0.123175	0.20769	1.53262	0.489188	0.134552	0.674012	936.87	-315.648	
0.122206	0.233505	1.4804	0.622314	-0.0529858	0.724021	1023.57	117.858	
0.124307	0.238753	1.53269	0.526464	0.0294939	0.669973	906.994	-465.029	
0.122326	0.266609	1.48011	0.629669	-0.108869	0.721611	1019.13	95.6638	
0.124641	0.270694	1.53295	0.541414	-0.0516431	0.67764	900.737	-496.316	
0.112214	0.304195	1.00967	0.428642	-0.0698547	0.0892543	1830.75	4153.76	
0.111237	0.308766	1.04324	0.468048	-0.0151606	0.0632661	1800.15	4000.73	
0.112544	0.307848	1.07725	0.469425	-0.00932122	0.135601	1776.63	3883.17	
0.112498	0.308139	1.11023	0.450943	0.0112149	0.174375	1779.94	3899.71	
0.110026	0.339205	1.00962	0.374379	-0.0810591	0.0915151	1880.68	4403.38	
0.10979	0.343485	1.04321	0.421541	-0.0303471	0.0664546	1841.48	4207.39	
0.110648	0.342334	1.07708	0.418014	-0.040326	0.135589	1830.29	4151.44	
0.110961	0.343038	1.10955	0.418857	-0.00506254	0.156766	1830.46	4152.31	
0.108656	0.374154	1.00923	0.309816	-0.114376	0.071582	1956.46	4782.3	
0.107862	0.37828	1.04325	0.338073	-0.0648744	0.0599385	1940.52	4702.62	
0.108747	0.377195	1.07676	0.335388	-0.0753698	0.129223	1927.44	4637.22	
0.109088	0.377741	1.10949	0.340184	-0.0398135	0.157492	1928.72	4643.62	
0.105184	0.408009	1.0088	0.205476	-0.165842	0.0102962	2371.34	6856.71	
0.1023	0.413601	1.0421	0.147819	-0.118087	0.0301417	2540.33	7701.63	
0.10381	0.411533	1.07625	0.170971	-0.118986	0.124921	2492.49	7462.43	
0.103883	0.412564	1.1088	0.171118	-0.0683963	0.145365	2499.12	7495.61	
0.147567	0.403439	1.00994	0.469501	-0.219161	0.0752789	1744.05	3720.24	
0.150071	0.407183	1.04257	0.475748	-0.237219	0.0449488	1786.57	3932.85	
0.149758	0.4067	1.07613	0.482601	-0.19889	0.096627	1793.81	3969.07	
0.113887	0.306703	1.14252	0.471489	-0.0270322	0.18927	1724.45	3622.26	
0.113711	0.307024	1.17422	0.477786	-0.00907744	0.113702	1707.14	3535.7	
0.114279	0.30673	1.20678	0.502196	-0.0183333	0.0616006	1676.96	3384.8	
0.114479	0.306577	1.2399	0.513588	-0.0234374	0.0181242	1660.41	3302.06	
0.114673	0.306376	1.27374	0.5148	-0.0333853	0.00242273	1643.47	3217.34	
0.112074	0.341115	1.14189	0.43455	-0.0622987	0.174754	1779.41	3897.03	
0.111651	0.341526	1.17388	0.431736	-0.0444242	0.104012	1768.1	3840.49	
0.112193	0.341158	1.20666	0.455955	-0.0565955	0.0576442	1739.94	3699.68	
0.112387	0.340917	1.23989	0.467082	-0.0652696	0.0178184	1723.72	3618.58	
0.112821	0.340862	1.27333	0.480513	-0.0686499	-0.0134774	1706.13	3530.63	
0.110401	0.3757	1.14151	0.376475	-0.10728	0.157065	1874.03	4370.15	
0.109638	0.375976	1.17365	0.349417	-0.0909689	0.0958639	1866.45	4332.27	
0.110127	0.375626	1.20656	0.371684	-0.10555	0.0554257	1842.15	4210.76	
0.11025	0.375422	1.23987	0.379414	-0.113467	0.0188674	1828.06	4140.28	
0.110695	0.375383	1.27341	0.393184	-0.113114	-0.00989389	1812.09	4060.43	
0.105102	0.410677	1.14091	0.217166	-0.132996	0.12586	2431.49	7157.47	
0.104875	0.410572	1.17336	0.200713	-0.126026	0.0807221	2402.38	7011.91	
0.105102	0.410306	1.20645	0.213087	-0.136777	0.0486436	2383.11	6915.55	
0.105172	0.410095	1.24002	0.217389	-0.14529	0.024023	2368.92	6844.58	
0.105531	0.410094	1.27381	0.23046	-0.139947	0.0010283	2351.86	6759.3	
0.116134	0.305936	1.30837	0.539735	-0.0561097	0.0546349	1569.5	2847.51	
0.115938	0.304878	1.34461	0.564667	-0.0864302	0.117138	1522.92	2614.58	
0.117608	0.303771	1.38562	0.611957	-0.115662	0.34761	1381.04	1905.21	
0.120417	0.303651	1.4319	0.640331	-0.0844609	0.617415	1168.32	841.624	
0.114165	0.340084	1.308	0.498675	-0.104384	0.0464353	1634.93	3174.65	
0.11381	0.33889	1.34425	0.522663	-0.144689	0.10329	1592.09	2960.45	
0.115411	0.337287	1.38459	0.572597	-0.181965	0.311447	1456.33	2281.67	
0.11839	0.337048	1.42966	0.611383	-0.182484	0.588628	1239.37	1196.85	
0.112299	0.374263	1.30777	0.434511	-0.163194	0.0304792	1738.89	3694.46	
0.111498	0.373049	1.34374	0.428658	-0.203957	0.0803722	1707.53	3537.64	
0.113043	0.371153	1.38329	0.481447	-0.264745	0.272304	1580.35	2901.74	
0.115874	0.37	1.42771	0.527953	-0.292546	0.53716	1360.62	1803.09	
0.106722	0.408791	1.30798	0.271157	-0.198871	0.0150619	2287.72	6438.61	
0.106345	0.407906	1.34354	0.266461	-0.230285	0.0628457	2240.33	6201.67	
0.107578	0.405978	1.38142	0.3156	-0.293311	0.198466	2108.96	5544.81	
0.11022	0.403962	1.42358	0.380543	-0.343921	0.413545	1870.65	4353.27	
0.123226	0.299141	1.48184	0.621279	-0.150099	0.749991	1008.79	43.9334	
0.12483	0.302244	1.53361	0.521628	-0.140239	0.691224	907.087	-464.565	
0.121215	0.331434	1.4804	0.596459	-0.259518	0.735575	1058.9	294.515	
0.123113	0.333507	1.53334	0.50204	-0.241241	0.700179	950.569	-247.155	
0.119041	0.363007	1.47867	0.540651	-0.374039	0.716591	1137.07	685.355	
0.120912	0.363923	1.53454	0.45835	-0.325155	0.72221	980.619	-96.9028	
0.114577	0.398194	1.47055	0.455042	-0.348282	0.549305	1452.29	2261.46	
0.117529	0.396305	1.52104	0.396399	-0.272125	0.531795	1178.6	892.997	
0.291674	0.113603	0.969949	0.393895	0.155533	-0.0498647	1092.67	463.33	
0.15278	0.105051	1.04442	0.567263	0.175349	0.0707405	1778.75	3893.76	
0.152635	0.105238	1.07704	0.576405	0.137745	0.130884	1789.63	3948.17	
0.153393	0.105184	1.10975	0.59317	0.133615	0.164544	1800.71	4003.57	
0.15263	0.137868	1.01117	0.622987	0.138014	0.103333	1464.11	2320.54	
0.158699	0.139366	1.04663	0.756659	0.133286	0.119714	1368.43	1842.17	
0.158808	0.139423	1.07886	0.755809	0.136156	0.165175	1397.97	1989.84	
0.160281	0.13963	1.11139	0.789117	0.134815	0.195324	1413.64	2068.18	
0.294207	0.110686	1.01391	0.899955	0.0302674	0.202653	1275.53	1377.63	
0.298807	0.142495	1.0157	1.05306	0.0566417	0.260952	1180.9	904.492	
0.197631	0.107723	1.01118	0.630144	0.115532	0.0327439	1598.38	2991.89	
0.206884	0.106737	1.04357	0.784115	0.13016	0.0226268	1563.18	2815.91	
0.205126	0.106473	1.07565	0.736793	0.0835457	0.0631308	1592.88	2964.38	
0.204462	0.106178	1.10787	0.717863	0.0726537	0.12911	1611.81	3059.04	
0.200603	0.139569	1.01186	0.693486	0.169459	0.0561143	1315.72	1578.61	
0.213441	0.141417	1.04603	0.924101	0.170164	0.0544941	1281.6	1407.99	
0.211947	0.140832	1.07778	0.874112	0.152268	0.0926955	1315.03	1575.14	
0.214019	0.140903	1.11016	0.932659	0.144899	0.162416	1329.03	1645.17	
0.250558	0.110986	0.998983	0.582559	0.163914	-0.294814	1286.21	1431.03	
0.261974	0.108483	1.03993	0.748087	0.0953153	-0.152343	1449.22	2246.11	
0.263418	0.107043	1.07459	0.811801	0.00862489	0.0467007	1453.13	2265.66	
0.260589	0.10748	1.10708	0.72191	-0.00331242	0.0986516	1455.51	2277.55	
0.252984	0.14201	1.0055	0.681434	0.163637	-0.161218	1095.88	479.408	
0.269233	0.141758	1.04563	0.934663	0.0455392	-0.0584868	1254.19	1270.93	
0.270386	0.141023	1.07847	0.979401	0.0137865	0.0991079	1258.22	1291.09	
0.272769	0.141489	1.11012	1.04274	0.00961596	0.150381	1282.04	1410.18	
0.154483	0.105243	1.14116	0.622113	0.129765	0.119106	1787.57	3937.83	
0.154393	0.105702	1.17338	0.626015	0.135428	0.0907228	1750.79	3753.97	
0.154389	0.105974	1.20584	0.638092	0.149765	0.0279155	1725.31	3626.54	
0.154361	0.106172	1.23909	0.640695	0.159134	-0.0067431	1707.34	3536.71	
0.154147	0.106346	1.27313	0.632437	0.163237	-0.0207755	1705.03	3525.17	
0.161317	0.139377	1.1425	0.812041	0.130661	0.166627	1417.37	2086.86	
0.160791	0.139838	1.17395	0.797022	0.146003	0.113559	1402.13	2010.66	
0.161145	0.140078	1.20592	0.82191	0.160164	0.0370128	1374.24	1871.22	
0.161391	0.140243	1.23881	0.835878	0.168885	-0.00985122	1349.01	1745.07	
0.161771	0.140215	1.27292	0.848377	0.168885	-0.0211841	1340.64	1703.2	
0.207525	0.107055	1.13942	0.774052	0.0757956	0.109786	1567.78	2838.89	
0.206577	0.106967	1.17127	0.793657	0.0662399	0.0555663	1544.59	2722.94	
0.207131	0.107558	1.20371	0.811194	0.0871268	-0.0176868	1510.26	2551.32	
0.207003	0.107869	1.23644	0.808689	0.103312	-0.0751077	1492.77	2463.84	
0.205585	0.10799	1.27025	0.763482	0.122941	-0.0653314	1490.82	2454.11	
0.21606	0.140949	1.14093	0.964127	0.141055	0.14118	1332.03	1660.17	
0.214401	0.141151	1.17213	0.943249	0.147047	0.0837151	1322.6	1613	
0.215054	0.141703	1.20376	0.967607	0.167245	-0.00465786	1295.74	1478.72	
0.215255	0.142058	1.23623	0.977025	0.182741	-0.0661288	1269.82	1349.12	
0.215605	0.142146	1.27055	0.983809	0.195927	-0.0474126	1249.65	1248.27	
0.263776	0.10773	1.13837	0.799748	-0.015944	0.103447	1434.21	2171.07	
0.263817	0.107937	1.17006	0.819628	-0.00862762	0.0524541	1401.43	2007.14	
0.263759	0.108699	1.20209	0.821285	0.0151398	-0.0112693	1360.08	1800.39	
0.264257	0.109243	1.23523	0.834649	0.0368754	-0.053206	1323.37	1616.85	
0.261673	0.109787	1.26926	0.771134	0.0568525	-0.078667	1308.2	1541.01	
0.27463	0.14165	1.14077	1.07914	-0.00753508	0.148933	1289.83	1449.16	
0.272608	0.141907	1.17097	1.03486	0.0095091	0.0736519	1276.64	1383.22	
0.273357	0.142616	1.20242	1.06741	0.0344192	-0.00436889	1240.47	1202.37	
0.273889	0.143266	1.23488	1.08374	0.0599404	-0.0703581	1203.17	1015.85	
0.274842	0.143641	1.26912	1.11633	0.0819681	-0.0877691	1175.12	875.597	
0.155899	0.106884	1.30707	0.678267	0.183413	-0.0269082	1674.29	3371.44	
0.154855	0.107222	1.343	0.647571	0.201632	0.0598518	1624.74	3123.68	
0.154658	0.108838	1.38206	0.654498	0.260937	0.23966	1504.24	2521.22	
0.156144	0.111301	1.42627	0.690166	0.310652	0.493054	1322.57	1612.83	
0.163092	0.141506	1.34482	0.899828	0.223859	0.151632	1253.48	1267.4	
0.162741	0.142873	1.38592	0.885201	0.281918	0.382962	1148	739.984	
0.163125	0.140269	1.30802	0.878659	0.161581	0.0326432	1314.37	1571.86	
0.208627	0.109336	1.30466	0.818816	0.147533	-0.0349539	1424.08	2120.38	
0.206784	0.109548	1.34176	0.805731	0.172504	0.0681381	1371.61	1858.03	
0.205982	0.111714	1.382	0.773241	0.241261	0.253333	1246.08	1230.4	
0.204158	0.114268	1.42564	0.756828	0.288002	0.453139	1114.92	574.598	
0.217327	0.143257	1.30543	1.01777	0.231397	-0.00355755	1211.04	1055.2	
0.215621	0.143923	1.34371	0.999083	0.26427	0.149355	1143.18	715.881	
0.214956	0.146265	1.38606	0.974698	0.343897	0.381669	1054.33	271.644	
0.264605	0.110777	1.30368	0.82812	0.0858783	-0.0342533	1266.59	1332.94	
0.263079	0.111314	1.34103	0.794993	0.126017	0.0773355	1206.95	1034.74	
0.261202	0.113653	1.38126	0.743743	0.194624	0.267434	1097.32	486.606	
0.257487	0.116775	1.42398	0.654682	0.256746	0.430422	955.244	-223.781	
0.275668	0.144916	1.30494	1.1174	0.120153	-0.0106632	1141.23	706.159	
0.273264	0.145928	1.34308	1.06821	0.176628	0.148074	1072.26	361.278	
0.157222	0.112878	1.47548	0.727243	0.28366	0.58351	1194.72	973.611	
0.165153	0.145693	1.43263	0.943917	0.34918	0.654502	1036.35	181.75	
0.160281	0.115552	1.52909	0.653251	0.250202	0.620713	1032.28	161.415	
0.166293	0.147345	1.48536	0.931712	0.374437	0.773108	995.88	-20.599	
0.202636	0.115982	1.47254	0.749856	0.26004	0.547471	1023.82	119.078	
0.20248	0.117773	1.52426	0.701393	0.217935	0.520773	955.12	-224.399	
0.250963	0.119383	1.46927	0.551845	0.256723	0.49684	878.786	-606.071	
0.24319	0.122191	1.51371	0.473984	0.282954	0.357483	859.65	-701.748	
0.157246	0.169373	1.0117	0.749017	0.0348404	0.114136	1411.84	2059.18	
0.156497	0.201631	1.01186	0.735433	-0.038381	0.123817	1378.9	1894.49	
0.156792	0.23499	1.0121	0.759055	-0.0863454	0.137078	1354.36	1771.79	
0.156944	0.269634	1.01215	0.754742	-0.0860622	0.144319	1351.88	1759.38	
0.163567	0.171109	1.04667	0.887028	0.0146843	0.129041	1327.82	1639.11	
0.164012	0.171734	1.07905	0.900024	0.0406647	0.153736	1359.08	1795.4	
0.165138	0.171913	1.11153	0.913881	0.0582998	0.173465	1379.35	1896.76	
0.162706	0.203696	1.04692	0.856278	-0.0594227	0.143546	1304.29	1521.43	
0.162855	0.204231	1.07913	0.859152	-0.0282859	0.155955	1336.2	1681.01	
0.164415	0.204905	1.11154	0.8898	0.00616159	0.177762	1351.59	1757.96	
0.162985	0.237234	1.04691	0.87979	-0.107357	0.145957	1279.37	1396.84	
0.163279	0.237812	1.07906	0.888022	-0.0742311	0.155516	1311.81	1559.06	
0.164815	0.238464	1.11154	0.91765	-0.0387759	0.179506	1324.38	1621.92	
0.163361	0.271623	1.0467	0.896434	-0.127834	0.143653	1276.79	1383.95	
0.163632	0.272082	1.07894	0.898963	-0.0993888	0.154137	1310	1549.98	
0.164913	0.272474	1.11137	0.923721	-0.0764758	0.174448	1324.28	1621.38	
0.207542	0.169907	1.01208	0.848375	0.0874253	0.0231711	1270.57	1352.86	
0.22053	0.171971	1.0453	1.08228	0.0747792	0.0160387	1272.31	1361.53	
0.220435	0.171702	1.0779	1.09068	0.0628496	0.0733967	1314.67	1573.35	
0.219665	0.171963	1.11062	1.04493	0.0830455	0.163363	1339.41	1697.06	
0.206475	0.200756	1.01272	0.855728	-0.0225205	0.0468348	1234.9	1174.5	
0.218786	0.203228	1.04565	1.05774	-0.0281655	0.0271511	1258.97	1294.86	
0.218622	0.202767	1.0779	1.05742	-0.037006	0.0753077	1296.01	1480.04	
0.219012	0.203859	1.11058	1.04693	0.00667596	0.176404	1315.61	1578.03	
0.207135	0.232914	1.01315	0.867862	-0.110208	0.065536	1200.39	1001.96	
0.21952	0.235367	1.0458	1.07191	-0.115226	0.0365238	1227.69	1138.47	
0.219675	0.235062	1.07804	1.0854	-0.118356	0.0821972	1264.15	1320.77	
0.219914	0.23607	1.11069	1.07166	-0.0762943	0.182257	1282.34	1411.7	
0.206601	0.266434	1.01347	0.855334	-0.134545	0.0927249	1187.39	936.93	
0.218519	0.268907	1.04613	1.04337	-0.130541	0.0553921	1220.81	1104.05	
0.218251	0.268732	1.07826	1.03945	-0.128551	0.0925268	1256.17	1280.86	
0.218841	0.269546	1.11084	1.03337	-0.0970715	0.180517	1274.1	1370.52	
0.260024	0.1715	1.00268	0.744972	0.0754505	-0.234606	1113.48	567.418	
0.277611	0.172034	1.04458	1.09305	-0.00149574	-0.079862	1298.21	1491.07	
0.281712	0.171928	1.07849	1.23657	-0.0172928	0.0730952	1284.71	1423.55	
0.27797	0.17244	1.11004	1.10238	-0.00289099	0.116688	1337.25	1686.24	
0.259874	0.201898	1.00494	0.756693	0.0215354	-0.18774	1094.21	471.069	
0.275465	0.202233	1.04558	1.03825	-0.0594174	-0.060688	1291.83	1459.16	
0.278699	0.202337	1.07879	1.13941	-0.0704508	0.06945	1291.25	1456.26	
0.277695	0.204084	1.11037	1.1	-0.0125358	0.121454	1325.23	1626.14	
0.260952	0.232794	1.00602	0.767927	-0.0600997	-0.155591	1086.83	434.154	
0.276722	0.233759	1.04648	1.06945	-0.120661	-0.033423	1273.11	1365.53	
0.280054	0.234107	1.07909	1.17611	-0.121012	0.0830487	1264.62	1323.1	
0.279119	0.23558	1.11064	1.14084	-0.072512	0.13449	1299.73	1498.66	
0.259852	0.263856	1.00798	0.765721	-0.16508	-0.112432	1068.72	343.584	
0.274595	0.265431	1.04694	1.02129	-0.242734	-0.0141062	1260.89	1304.47	
0.277525	0.265809	1.07938	1.10888	-0.228866	0.0975072	1269.89	1349.47	
0.276654	0.266866	1.11055	1.06734	-0.190115	0.143337	1302.3	1511.5	
0.166755	0.171202	1.14292	0.946449	0.0526201	0.151463	1388.04	1940.19	
0.166582	0.171713	1.17451	0.946382	0.0651453	0.124164	1377.31	1886.53	
0.16691	0.171652	1.20616	0.969719	0.0688926	0.045316	1349.24	1746.19	
0.167171	0.171552	1.23881	0.985926	0.0650187	-0.00941902	1321.74	1608.68	
0.167262	0.17157	1.27249	0.992561	0.0621756	-0.0428891	1305.53	1527.66	
0.16549	0.203251	1.14308	0.900906	-0.0232296	0.158595	1358.84	1794.18	
0.165338	0.203806	1.17465	0.904372	-0.00872219	0.129681	1349.02	1745.08	
0.165815	0.203611	1.20634	0.933784	-0.00905237	0.0529987	1321.11	1605.56	
0.166222	0.203439	1.23883	0.957087	-0.0150531	-0.00800215	1293.33	1466.65	
0.166835	0.203568	1.2724	0.984142	-0.0129819	-0.041753	1274.12	1370.59	
0.166014	0.236475	1.14314	0.93479	-0.0761048	0.16225	1325.69	1628.46	
0.166035	0.236886	1.17457	0.941998	-0.0653077	0.126966	1315.24	1576.19	
0.166455	0.23659	1.20628	0.969748	-0.0702529	0.0496136	1287.88	1439.4	
0.16685	0.236392	1.23876	0.992574	-0.0791079	-0.0110706	1260.71	1303.57	
0.167433	0.236529	1.27236	1.01787	-0.0775534	-0.0423905	1239.32	1196.58	
0.166716	0.270579	1.14314	0.965691	-0.123266	0.16915	1320.66	1603.29	
0.166257	0.270572	1.17453	0.954884	-0.117803	0.126983	1308.6	1542.98	
0.166794	0.270326	1.20628	0.985793	-0.122151	0.0503015	1279.7	1398.52	
0.167198	0.270148	1.23881	1.00892	-0.129578	-0.00988926	1252.56	1262.78	
0.16777	0.27022	1.27243	1.03307	-0.128336	-0.0416386	1230.42	1152.09	
0.223574	0.171812	1.14181	1.1331	0.0822704	0.149098	1348.49	1742.43	
0.222731	0.171674	1.17264	1.14867	0.0839215	0.101058	1344.5	1722.49	
0.223497	0.171957	1.2039	1.17653	0.0947926	0.00984817	1316.88	1584.4	
0.223629	0.171948	1.23603	1.18513	0.0961274	-0.0595253	1284.71	1423.54	
0.222342	0.172122	1.27013	1.13796	0.111174	-0.043323	1259.7	1298.51	
0.22177	0.202784	1.14186	1.09513	-0.00681784	0.158259	1329.13	1645.67	
0.221435	0.20268	1.17292	1.12297	0.000573894	0.114861	1326.22	1631.11	
0.222194	0.202816	1.20414	1.15309	0.00819794	0.0214406	1297.42	1487.11	
0.222534	0.202731	1.23607	1.17222	0.00544541	-0.0513061	1262.42	1312.09	
0.222122	0.203014	1.27016	1.15324	0.0153128	-0.0263576	1229.45	1147.23	
0.222831	0.23449	1.14209	1.12364	-0.0896773	0.1661	1291.47	1457.33	
0.22244	0.234339	1.17301	1.15049	-0.0864953	0.118635	1289.2	1446.02	
0.223272	0.234413	1.20416	1.18174	-0.083115	0.023529	1260.4	1301.98	
0.223619	0.234298	1.23612	1.20106	-0.0904954	-0.0467416	1225.01	1125.06	
0.223096	0.234478	1.2702	1.1809	-0.0899555	-0.0220179	1190.03	950.163	
0.22261	0.267627	1.14226	1.12019	-0.123254	0.169773	1279.96	1399.78	
0.221462	0.267347	1.17296	1.11573	-0.123037	0.112656	1274.11	1370.57	
0.222321	0.267336	1.2042	1.14874	-0.122127	0.0226188	1244.12	1220.58	
0.222674	0.267213	1.23618	1.16914	-0.130733	-0.0482549	1209.47	1047.33	
0.222412	0.267427	1.27034	1.15723	-0.133316	-0.0253514	1172.87	864.339	
0.281934	0.172474	1.14093	1.19595	0.00256557	0.134943	1344.38	1721.91	
0.282717	0.172335	1.17157	1.24797	0.00686649	0.0940262	1332.52	1662.59	
0.283013	0.172587	1.20237	1.26372	0.0197381	0.00649401	1297.46	1487.32	
0.283545	0.172961	1.23462	1.27871	0.0381008	-0.0627454	1253.1	1265.51	
0.281008	0.173368	1.26844	1.21213	0.0477824	-0.0905377	1228.81	1144.04	
0.280342	0.203155	1.14157	1.13667	-0.0299036	0.14559	1344.42	1722.09	
0.280871	0.202783	1.17216	1.18054	-0.0275617	0.113201	1338.46	1692.32	
0.281636	0.202919	1.20294	1.21401	-0.0160429	0.0285623	1302.24	1511.22	
0.282379	0.203253	1.23484	1.23807	-0.00144662	-0.0471156	1254.26	1271.28	
0.281627	0.204025	1.2686	1.23697	0.0198342	-0.080439	1214.79	1073.93	
0.28165	0.234122	1.14209	1.1693	-0.0958807	0.16603	1315.51	1577.56	
0.282173	0.233959	1.17242	1.21353	-0.0811514	0.121966	1309.54	1547.71	
0.282846	0.233926	1.20312	1.24423	-0.0767567	0.0353036	1272.07	1360.36	
0.283518	0.234062	1.23503	1.26642	-0.0718758	-0.0385628	1224.29	1121.45	
0.282781	0.234588	1.26885	1.26731	-0.0684389	-0.069093	1182.06	910.297	
0.28137	0.265311	1.14196	1.17964	-0.219379	0.171082	1318.72	1593.61	
0.280355	0.264795	1.17217	1.16422	-0.217664	0.113902	1310.24	1551.21	
0.281404	0.264758	1.20309	1.20921	-0.213908	0.0322892	1268.59	1342.94	
0.28228	0.26493	1.23501	1.24172	-0.211018	-0.041882	1220.65	1103.27	
0.281563	0.265333	1.2687	1.24364	-0.207935	-0.0713914	1175.96	879.808	
0.271434	0.148444	1.38561	1.01205	0.256963	0.391361	998.009	-9.95672	
0.168914	0.171783	1.30738	1.01864	0.0755268	-0.00304819	1271.25	1356.23	
0.168068	0.171894	1.34558	1.00312	0.0846257	0.175792	1206.96	1034.78	
0.168539	0.172765	1.3887	1.02715	0.134382	0.462565	1101.48	507.413	
0.168379	0.203336	1.30778	1.00489	-0.0172644	0.0159616	1235.2	1176.01	
0.167775	0.20289	1.34626	1.00606	-0.0268287	0.200992	1163.09	815.44	
0.168745	0.203182	1.38914	1.05125	0.0156148	0.470999	1059.88	299.376	
0.168988	0.23593	1.30797	1.04159	-0.0927404	0.0250937	1198.01	990.032	
0.168542	0.2352	1.34642	1.0453	-0.110182	0.206537	1126.31	631.529	
0.169507	0.235177	1.3892	1.09037	-0.08556	0.479616	1022.99	114.959	
0.169466	0.269454	1.30815	1.06656	-0.156267	0.0302539	1187.24	936.18	
0.16897	0.268644	1.3465	1.06821	-0.176024	0.210157	1115.14	575.68	
0.170003	0.268376	1.38918	1.11357	-0.159831	0.479936	1011.17	55.8384	
0.267758	0.151961	1.42957	0.907974	0.323506	0.545087	926.196	-369.018	
0.224951	0.173146	1.30581	1.18217	0.136747	0.0259512	1207.93	1039.67	
0.223187	0.172967	1.34515	1.16525	0.151005	0.214546	1134.04	670.221	
0.221622	0.174474	1.38853	1.10777	0.210936	0.456358	1051.01	255.065	
0.224197	0.20346	1.30608	1.18897	0.0291812	0.0478156	1176.54	882.692	
0.222903	0.20318	1.3459	1.18473	0.0461519	0.243543	1095.72	478.592	
0.221717	0.204428	1.38936	1.14055	0.108109	0.483656	1012.91	64.5464	
0.22523	0.234461	1.30639	1.21579	-0.080846	0.0585145	1135.15	675.754	
0.223822	0.234013	1.34623	1.20697	-0.0701317	0.256229	1056.93	284.66	
0.222603	0.235058	1.38966	1.15877	-0.0193304	0.501016	975.407	-122.963	
0.224795	0.266808	1.30675	1.20589	-0.136787	0.058208	1118.89	594.452	
0.223427	0.2665	1.34634	1.19776	-0.133652	0.255405	1042.84	214.22	
0.222503	0.267045	1.38966	1.16241	-0.103608	0.494334	961.858	-190.709	
0.283311	0.174635	1.30454	1.23828	0.0897617	0.00827694	1174.33	871.673	
0.28159	0.174826	1.34462	1.20457	0.11973	0.21417	1090.33	451.636	
0.27827	0.176668	1.38855	1.10458	0.18663	0.472158	1019.5	97.5099	
0.282874	0.204617	1.30537	1.22552	0.0407761	0.0377639	1163	815.001	
0.281376	0.20463	1.34555	1.20737	0.0703126	0.248252	1072.95	364.746	
0.278584	0.206532	1.38978	1.12587	0.14543	0.511737	1003.57	17.867	
0.284013	0.234613	1.30582	1.25217	-0.0594235	0.0541007	1130.06	650.321	
0.28239	0.234551	1.34596	1.22851	-0.0334939	0.2621	1042.9	214.486	
0.279266	0.236142	1.39025	1.13506	0.0276134	0.534562	977.548	-112.26	
0.283668	0.264968	1.30592	1.26612	-0.209928	0.0466058	1126.03	630.166	
0.281943	0.265087	1.34576	1.24011	-0.185014	0.252363	1040.51	202.557	
0.279324	0.266542	1.38996	1.16114	-0.127907	0.527744	973.945	-130.273	
0.213544	0.149493	1.43217	0.947402	0.405308	0.586873	996.794	-16.0302	
0.169001	0.15148	1.53979	0.81106	0.333887	0.780402	920.15	-399.248	
0.212026	0.149726	1.4819	0.923276	0.316277	0.675934	1018.65	93.2701	
0.170427	0.174539	1.43615	1.04762	0.213959	0.690972	1011.92	59.6237	
0.171605	0.204988	1.43565	1.10503	0.0823905	0.701322	973.491	-132.547	
0.172513	0.236381	1.43575	1.15114	-0.0413332	0.698796	937.076	-314.618	
0.172739	0.269143	1.43574	1.16839	-0.123868	0.699892	929.308	-353.461	
0.219254	0.176671	1.43521	1.0515	0.275201	0.635795	1008.96	44.7791	
0.219423	0.206856	1.43547	1.08508	0.181451	0.661812	977.501	-112.495	
0.220128	0.237031	1.43575	1.09736	0.0415484	0.666554	942.404	-287.978	
0.22029	0.268174	1.43567	1.09909	-0.0767001	0.651682	929.305	-353.477	
0.272681	0.178947	1.43332	0.980777	0.23865	0.610273	947.513	-262.433	
0.273492	0.209286	1.43365	1.01779	0.210009	0.632738	930.357	-348.213	
0.273799	0.238313	1.43362	1.02193	0.078414	0.629752	906.036	-469.82	
0.274187	0.268508	1.43311	1.04508	-0.0784917	0.620179	900.325	-498.375	
0.171557	0.175562	1.48787	1.01676	0.26459	0.795445	998.82	-5.89883	
0.17282	0.20547	1.48797	1.06482	0.175999	0.798859	959.483	-202.586	
0.173646	0.235728	1.48824	1.1008	0.0443599	0.796689	926.6	-366.999	
0.17341	0.267478	1.48821	1.10482	-0.0828947	0.806821	914.78	-426.099	
0.212489	0.150684	1.53406	0.863658	0.189845	0.714938	996.451	-17.7448	
0.260645	0.151593	1.47868	0.800801	0.201507	0.652943	957.668	-211.661	
0.172754	0.178776	1.54114	0.859134	0.225362	0.822808	954.953	-225.234	
0.173931	0.209582	1.54052	0.884352	0.186445	0.780254	932.528	-337.36	
0.174726	0.239598	1.53993	0.905131	0.0649574	0.749002	919.436	-402.821	
0.174218	0.270379	1.5405	0.891907	-0.0760642	0.749323	911.404	-442.982	
0.253039	0.151462	1.52163	0.792795	0.0723006	0.587071	968.292	-158.541	
0.217847	0.177844	1.4843	1.01843	0.279496	0.706972	1050.59	252.973	
0.216883	0.179713	1.53683	0.912328	0.193633	0.780466	1036.73	183.626	
0.218138	0.208244	1.4844	1.02796	0.234456	0.708914	1023.93	119.65	
0.217382	0.21055	1.53654	0.915587	0.183516	0.782212	1032.04	160.178	
0.218587	0.237762	1.48469	1.02828	0.106217	0.703682	1012.59	62.9556	
0.217424	0.240074	1.53623	0.902261	0.0767175	0.767093	1034.28	171.386	
0.218042	0.267795	1.48499	1.01562	-0.0569044	0.707191	1003.45	17.2539	
0.217147	0.269839	1.53649	0.894735	-0.0699137	0.766362	1031.92	159.585	
0.266294	0.180175	1.48192	0.91922	0.213889	0.667881	989.432	-52.8423	
0.25876	0.180108	1.52529	0.924089	0.148516	0.656093	987.365	-63.1727	
0.266966	0.210777	1.48285	0.955315	0.20663	0.677033	992.7	-36.4997	
0.259953	0.211587	1.52553	0.983889	0.161527	0.682437	1005.58	27.8917	
0.266727	0.239875	1.48295	0.953137	0.102374	0.670783	993.47	-32.6522	
0.259577	0.240744	1.52478	0.992002	0.0833044	0.675485	1025.94	129.699	
0.26633	0.269537	1.48246	0.942868	-0.0510034	0.686221	985.592	-72.0406	
0.258922	0.270673	1.52434	0.978555	-0.0533536	0.672819	1031.09	155.436	
0.291243	0.396125	0.970995	0.407032	-0.169634	0.0476614	998.218	-8.90985	
0.158773	0.303879	1.01226	0.801838	-0.104474	0.144465	1350.93	1754.64	
0.156266	0.337755	1.01193	0.734548	-0.126352	0.129762	1376.06	1880.3	
0.152925	0.369605	1.01109	0.644361	-0.260877	0.100842	1441.71	2208.55	
0.158528	0.373019	1.0461	0.768124	-0.215521	0.111073	1365	1825	
0.159015	0.373571	1.07875	0.790769	-0.187061	0.156678	1388.38	1941.88	
0.160937	0.373695	1.11201	0.836079	-0.155028	0.216823	1395.42	1977.12	
0.150785	0.406598	1.10924	0.504816	-0.204633	0.134406	1804.62	4023.11	
0.164553	0.30568	1.04698	0.914521	-0.146029	0.148604	1275.05	1375.26	
0.164957	0.306326	1.07913	0.926216	-0.108975	0.157634	1304.67	1523.34	
0.166303	0.306134	1.11198	0.944165	-0.100292	0.187245	1321.79	1608.95	
0.161009	0.338845	1.04674	0.7902	-0.201596	0.139629	1300.4	1501.99	
0.160971	0.339376	1.07917	0.786097	-0.169189	0.157474	1328.55	1642.74	
0.162628	0.339694	1.11139	0.816856	-0.140685	0.171105	1341.01	1705.03	
0.286236	0.396433	1.00809	0.71919	-0.113748	0.0888669	1133.75	668.747	
0.209433	0.299799	1.01347	0.897771	-0.181026	0.0724793	1178.97	894.829	
0.221759	0.301868	1.04601	1.10853	-0.203338	0.0423162	1210.72	1053.6	
0.221919	0.301712	1.07842	1.1248	-0.201133	0.0937527	1248.6	1243.01	
0.221846	0.301899	1.11127	1.10566	-0.171993	0.181247	1271	1354.98	
0.206799	0.332215	1.01324	0.88079	-0.269868	0.0658607	1221.13	1105.64	
0.219126	0.334357	1.04591	1.08576	-0.28501	0.0377808	1246.35	1231.74	
0.219043	0.333809	1.07813	1.08819	-0.289641	0.0833417	1282.91	1414.55	
0.219592	0.334897	1.11034	1.08358	-0.24148	0.168706	1290.36	1451.82	
0.204442	0.363514	1.01265	0.834612	-0.3729	0.0559413	1261.25	1306.26	
0.215788	0.365717	1.04563	1.02267	-0.371634	0.0325272	1257.95	1289.73	
0.215612	0.365775	1.07754	1.01956	-0.35827	0.0732236	1289.37	1446.83	
0.216433	0.367019	1.10968	1.03058	-0.291754	0.150419	1288.84	1444.22	
0.195879	0.397426	1.01141	0.626021	-0.297004	0.0474911	1413.55	2067.74	
0.202742	0.40126	1.04263	0.723033	-0.295951	0.0191727	1427.17	2135.85	
0.20183	0.400107	1.07524	0.712326	-0.279493	0.0395087	1434.78	2173.92	
0.202148	0.40237	1.1078	0.709485	-0.199663	0.110787	1457.22	2286.1	
0.262278	0.295425	1.00548	0.772908	-0.2787	-0.15528	1087.53	437.647	
0.279403	0.296328	1.04623	1.11724	-0.350728	-0.0262291	1279.03	1395.17	
0.283305	0.297297	1.0792	1.24628	-0.317598	0.0945298	1270.41	1352.07	
0.281251	0.297735	1.1109	1.17239	-0.29055	0.140982	1308.38	1541.92	
0.261178	0.327006	1.0059	0.803066	-0.338476	-0.153494	1079.61	398.041	
0.276497	0.327499	1.04639	1.07621	-0.402383	-0.0297677	1282.25	1411.26	
0.280344	0.328769	1.07908	1.19788	-0.356228	0.0884808	1269.29	1346.47	
0.278993	0.330368	1.10989	1.14606	-0.295467	0.116643	1289.13	1445.66	
0.258801	0.35814	1.00572	0.774113	-0.328737	-0.144398	1065.56	327.788	
0.276133	0.362227	1.04688	1.0791	-0.283405	-0.00919544	1194.36	971.814	
0.27951	0.363656	1.07867	1.19179	-0.223259	0.101248	1160.09	800.474	
0.279321	0.365021	1.10962	1.18265	-0.158152	0.129729	1174.55	872.73	
0.247605	0.394831	1.00376	0.59161	-0.191828	-0.156119	1053.44	267.201	
0.256907	0.39722	1.04091	0.74167	-0.222353	-0.0888766	1179.95	899.763	
0.258455	0.397746	1.07492	0.803048	-0.166737	0.0287901	1190.45	952.236	
0.257516	0.398933	1.10798	0.758956	-0.124679	0.115555	1211.28	1056.41	
0.162502	0.371595	1.14342	0.881972	-0.199897	0.181738	1392.9	1964.49	
0.162115	0.371912	1.17458	0.875584	-0.183651	0.13102	1385.09	1925.45	
0.162493	0.37123	1.20627	0.901328	-0.205684	0.0465209	1355.76	1778.81	
0.162732	0.370903	1.23885	0.916435	-0.220462	-0.0106145	1330.83	1654.13	
0.163063	0.370791	1.27292	0.921545	-0.224234	-0.0130645	1306.07	1530.37	
0.152219	0.404646	1.14191	0.551607	-0.240597	0.141957	1736.76	3683.78	
0.151614	0.404595	1.17393	0.534393	-0.233567	0.106904	1714.19	3570.96	
0.151902	0.4039	1.2065	0.557327	-0.25709	0.0533191	1676.88	3384.4	
0.152014	0.403482	1.2395	0.567546	-0.276445	0.0089653	1653.68	3268.38	
0.15246	0.403586	1.27318	0.583092	-0.271208	-0.015539	1632.08	3160.39	
0.167997	0.304274	1.14359	0.976605	-0.151568	0.17633	1324.98	1624.92	
0.168008	0.304562	1.17486	0.983539	-0.14084	0.136862	1313.89	1569.45	
0.168446	0.304188	1.20635	1.01131	-0.148512	0.0532342	1284.5	1422.48	
0.168823	0.303965	1.23884	1.03327	-0.157165	-0.00683767	1255.35	1276.74	
0.169169	0.303743	1.27272	1.05019	-0.167408	-0.0321187	1233.48	1167.38	
0.164016	0.33721	1.14322	0.843999	-0.213918	0.162453	1347.31	1736.54	
0.163472	0.337171	1.17489	0.82859	-0.219894	0.141319	1337.95	1689.76	
0.164043	0.336697	1.20658	0.864578	-0.231553	0.063765	1308.87	1544.36	
0.16456	0.336398	1.23906	0.893255	-0.24208	0.00280577	1280.04	1400.2	
0.165484	0.336651	1.27246	0.931363	-0.229213	-0.0378326	1259.96	1299.79	
0.225286	0.300012	1.1427	1.16992	-0.22141	0.178734	1280.01	1400.04	
0.224884	0.29969	1.1732	1.20048	-0.221653	0.123217	1277.1	1385.49	
0.225672	0.299571	1.20421	1.22952	-0.22485	0.0251003	1244.3	1221.5	
0.225965	0.299384	1.2362	1.24561	-0.234693	-0.0450295	1207.51	1037.54	
0.225289	0.299338	1.27065	1.22423	-0.231367	-0.0214086	1172.79	863.962	
0.222511	0.33182	1.14222	1.13896	-0.317292	0.167956	1301.27	1506.34	
0.222412	0.331802	1.17301	1.17506	-0.310926	0.115611	1304.48	1522.41	
0.22304	0.33153	1.20398	1.2023	-0.318667	0.0127028	1274.42	1372.09	
0.223389	0.331212	1.23594	1.22052	-0.332288	-0.0583538	1239.96	1199.8	
0.222899	0.331694	1.26978	1.19687	-0.320513	-0.0404025	1201.63	1008.14	
0.219444	0.363673	1.14194	1.08812	-0.353211	0.156259	1284.79	1423.96	
0.218559	0.363533	1.17249	1.10055	-0.350474	0.0923522	1291.66	1458.28	
0.219254	0.36307	1.2038	1.12372	-0.365784	-0.000572655	1263.85	1319.26	
0.219543	0.362689	1.23583	1.13914	-0.387129	-0.0692275	1237.06	1185.31	
0.219062	0.363152	1.26963	1.11542	-0.379776	-0.0510031	1198.54	992.702	
0.206028	0.399456	1.1408	0.799826	-0.227976	0.139345	1363.05	1815.23	
0.204563	0.399421	1.17215	0.804123	-0.215361	0.0768262	1346.69	1733.43	
0.205264	0.398836	1.20435	0.826442	-0.234652	0.006221	1311.64	1558.18	
0.205271	0.39833	1.23668	0.83346	-0.261295	-0.0598334	1292.82	1464.09	
0.204648	0.398913	1.27033	0.803589	-0.265198	-0.0490597	1276.18	1380.92	
0.28434	0.295599	1.14205	1.22996	-0.335172	0.164064	1323.88	1619.41	
0.2853	0.295369	1.17222	1.28499	-0.331423	0.115585	1319.53	1597.66	
0.285805	0.295129	1.20279	1.30974	-0.337216	0.025249	1278.41	1392.07	
0.286362	0.295268	1.23481	1.32922	-0.335309	-0.0467722	1227.49	1137.46	
0.284957	0.295517	1.26891	1.30493	-0.337466	-0.0696972	1184.2	921.005	
0.282379	0.327246	1.14138	1.21182	-0.359918	0.135027	1306.89	1534.45	
0.283134	0.326721	1.17174	1.26102	-0.369069	0.0939694	1306.56	1532.79	
0.283761	0.326428	1.20239	1.29025	-0.377107	0.00697975	1268.68	1343.42	
0.284493	0.326459	1.23441	1.31346	-0.377801	-0.0631547	1222.37	1111.84	
0.283309	0.327446	1.26789	1.2991	-0.3621	-0.101421	1177.53	887.658	
0.281309	0.361418	1.14144	1.21045	-0.216377	0.142444	1185.41	927.059	
0.281497	0.361336	1.1714	1.23117	-0.209453	0.0848896	1181.77	908.864	
0.281766	0.360511	1.20222	1.2423	-0.231999	0.00171215	1150.63	753.168	
0.282103	0.360162	1.23432	1.2465	-0.247425	-0.0643696	1113.17	565.87	
0.28113	0.360723	1.26805	1.23169	-0.253629	-0.0908279	1073.88	369.388	
0.26165	0.397048	1.14069	0.854428	-0.125061	0.144685	1165.99	829.965	
0.260851	0.396456	1.17176	0.867373	-0.125274	0.0934339	1142.03	710.166	
0.261387	0.39585	1.20323	0.884528	-0.140085	0.0237942	1107.04	535.182	
0.261796	0.39534	1.23549	0.892235	-0.158959	-0.0341634	1075.91	379.551	
0.260296	0.395681	1.26954	0.853465	-0.178436	-0.0352786	1055.07	275.342	
0.164621	0.367947	1.34568	0.983121	-0.322597	0.174813	1215.05	1075.25	
0.164175	0.365571	1.38671	0.961725	-0.386772	0.39227	1106.95	534.729	
0.154845	0.4039	1.30837	0.665746	-0.236498	0.0263885	1582.13	2910.65	
0.153402	0.401323	1.34486	0.617331	-0.344813	0.131385	1507.04	2535.2	
0.153886	0.399454	1.38304	0.648916	-0.388769	0.254317	1373.89	1869.44	
0.156193	0.399146	1.42702	0.718562	-0.350821	0.504805	1225.81	1129.03	
0.170819	0.303007	1.30821	1.07485	-0.196195	0.032686	1193.41	967.041	
0.170381	0.302038	1.34651	1.07791	-0.224777	0.209638	1123.92	619.589	
0.171071	0.30138	1.3895	1.10895	-0.220862	0.476223	1021.85	109.244	
0.168354	0.33573	1.30813	1.02005	-0.267237	0.0289825	1226.4	1131.99	
0.166791	0.334033	1.3462	0.971906	-0.326837	0.195567	1158.98	794.879	
0.168131	0.332379	1.38886	1.03547	-0.354674	0.460851	1054.59	272.934	
0.162509	0.366337	1.30878	0.84857	-0.428717	0.0572174	1274.34	1371.71	
0.227444	0.298651	1.30676	1.25165	-0.265498	0.0637073	1120.77	603.856	
0.225924	0.297845	1.3462	1.2415	-0.27192	0.250995	1049.63	248.155	
0.224233	0.297993	1.38943	1.17846	-0.251711	0.477228	970.309	-148.453	
0.224994	0.330187	1.30613	1.23606	-0.372444	0.0400243	1155.84	779.199	
0.223706	0.3293	1.34549	1.22787	-0.385767	0.221016	1089.43	447.173	
0.221973	0.329009	1.38859	1.1609	-0.369348	0.455972	1006.93	34.6686	
0.221086	0.361302	1.306	1.14868	-0.425285	0.0215111	1152.24	761.205	
0.219718	0.359972	1.34431	1.14597	-0.459444	0.171023	1101.09	505.466	
0.218445	0.35901	1.38655	1.09119	-0.465274	0.39846	1016.01	80.063	
0.207187	0.396574	1.30615	0.841732	-0.315911	0.0162105	1190.89	954.425	
0.205684	0.39586	1.34303	0.850756	-0.331487	0.10798	1140.01	700.044	
0.205299	0.394492	1.38292	0.831235	-0.355731	0.276606	1044.43	222.129	
0.20395	0.393444	1.42634	0.814638	-0.377406	0.469319	973.566	-132.168	
0.286451	0.294858	1.30552	1.30385	-0.351173	0.0410521	1132.06	660.316	
0.284882	0.294725	1.34548	1.27519	-0.337932	0.241994	1050.09	250.444	
0.281176	0.295987	1.38973	1.16278	-0.284227	0.507974	981.117	-94.417	
0.284801	0.326206	1.30477	1.29581	-0.385537	0.00595765	1132.55	662.757	
0.283262	0.325582	1.34448	1.27044	-0.3894	0.203457	1060.38	301.893	
0.279857	0.326629	1.38841	1.16052	-0.336894	0.469729	991.642	-41.7884	
0.281751	0.35884	1.30504	1.20986	-0.294875	0.00332356	1039.04	195.2	
0.280003	0.357864	1.34335	1.16173	-0.319688	0.16346	986.939	-65.3054	
0.276249	0.357189	1.38596	1.02802	-0.324168	0.407919	927.703	-361.486	
0.269704	0.356563	1.42942	0.857135	-0.348441	0.523429	877.574	-612.13	
0.262339	0.394207	1.30559	0.868462	-0.20677	0.0222083	1009.02	45.1164	
0.260404	0.393118	1.34279	0.841599	-0.234922	0.136107	958.994	-205.03	
0.258246	0.391799	1.38221	0.763486	-0.265514	0.293773	893.448	-532.76	
0.254883	0.390701	1.42402	0.66557	-0.308021	0.423895	828.024	-859.881	
0.158617	0.395383	1.47578	0.790452	-0.282932	0.607113	1021.9	109.511	
0.173263	0.301296	1.43667	1.13698	-0.186451	0.682176	942.22	-288.899	
0.171242	0.332516	1.43557	1.10485	-0.324812	0.703632	977.455	-112.725	
0.16654	0.361487	1.43342	1.00408	-0.533983	0.673529	998.842	-5.78876	
0.221278	0.298188	1.43576	1.09297	-0.23778	0.630654	938.619	-306.906	
0.219049	0.329228	1.43475	1.07874	-0.358975	0.640862	973.195	-134.025	
0.21574	0.358615	1.43287	1.01928	-0.442593	0.624711	972.309	-138.453	
0.274772	0.297744	1.4334	1.01637	-0.233089	0.598772	906.419	-467.903	
0.273896	0.329201	1.43257	1.01923	-0.258801	0.606293	919.119	-404.404	
0.174075	0.298914	1.48873	1.07757	-0.193394	0.793137	936.518	-317.408	
0.17231	0.3297	1.48803	1.05875	-0.303766	0.801763	964.413	-177.934	
0.16892	0.358608	1.48569	1.02102	-0.422258	0.758659	952.028	-239.862	
0.161817	0.395319	1.52749	0.725478	-0.26057	0.589253	949.373	-253.133	
0.174471	0.300462	1.5408	0.875387	-0.207985	0.775499	928.234	-358.829	
0.173308	0.331447	1.54094	0.872775	-0.266119	0.783834	941.518	-292.411	
0.17189	0.35926	1.53912	0.901941	-0.353776	0.698762	899.191	-504.045	
0.219372	0.29736	1.48499	1.03747	-0.230945	0.699225	1010.6	53.018	
0.218184	0.298868	1.53682	0.924949	-0.240684	0.768202	1026.08	130.42	
0.21744	0.327822	1.48376	1.01815	-0.334174	0.695715	1021.75	108.731	
0.216942	0.329611	1.53636	0.910702	-0.297578	0.761647	1032.15	160.755	
0.214071	0.357766	1.48153	0.962871	-0.300805	0.653779	1011.22	56.0784	
0.214661	0.360091	1.53334	0.878078	-0.208895	0.637282	995.508	-22.4607	
0.20311	0.391273	1.47309	0.801491	-0.30642	0.555837	902.651	-486.744	
0.203891	0.391116	1.52167	0.746746	-0.270268	0.451972	883.751	-581.247	
0.267056	0.298499	1.48264	0.937787	-0.211771	0.665525	978.644	-106.779	
0.259466	0.299195	1.52494	0.978156	-0.214839	0.664885	1005.63	28.1554	
0.266293	0.329085	1.4813	0.911119	-0.256791	0.641613	979.36	-103.199	
0.2591	0.331035	1.52491	0.93155	-0.233107	0.634839	992.962	-35.1911	
0.261518	0.358804	1.47884	0.736109	-0.158302	0.589178	953.529	-232.356	
0.254843	0.360405	1.52156	0.757929	-0.0851826	0.50741	965.937	-170.317	
0.248923	0.388305	1.46958	0.533019	-0.313714	0.486167	817.517	-912.417	
0.244177	0.386145	1.51264	0.487021	-0.371748	0.287759	840.914	-795.432	
0.338234	0.114742	0.991559	0.434399	0.0773574	0.34318	1033.4	166.985	
0.361914	0.115575	0.9656	0.243881	0.137518	0.308619	1015.37	76.8563	
0.387441	0.116379	0.931555	0.200308	0.221372	0.270711	914.937	-425.314	
0.43271	0.117463	0.943203	0.156441	0.182972	0.419034	948.247	-258.765	
0.302821	0.146655	0.975759	0.640983	0.173909	0.0492636	1036.06	180.291	
0.368919	0.148163	0.97156	0.479396	0.163545	0.461335	1064.32	321.596	
0.394375	0.14967	0.93976	0.323925	0.279422	0.510269	938.441	-307.794	
0.3038	0.175884	0.973364	0.674373	0.133582	-0.08998	1046.28	231.407	
0.306092	0.207403	0.974997	0.736544	0.103026	-0.065691	1046.71	233.562	
0.306838	0.238141	0.976684	0.765842	0.00630941	-0.016621	1046.38	231.896	
0.307529	0.269058	0.977235	0.776929	-0.106161	-0.00622552	1053.36	266.8	
0.43613	0.149421	0.95013	0.205029	0.166591	0.664809	1007.53	37.6504	
0.369931	0.178432	0.971522	0.553821	0.185133	0.390759	1127.26	636.275	
0.371532	0.209346	0.972562	0.600815	0.183477	0.413441	1121.47	607.337	
0.372008	0.239625	0.973431	0.62893	0.0752799	0.433518	1113.84	569.213	
0.372106	0.270044	0.974163	0.632459	-0.059934	0.472051	1116.9	584.496	
0.396007	0.177848	0.942201	0.377558	0.19805	0.543997	984.431	-77.8434	
0.397061	0.208798	0.944454	0.441692	0.170817	0.600491	977.608	-111.958	
0.398234	0.239438	0.946215	0.478652	0.0727019	0.6642	970.44	-147.799	
0.398735	0.27039	0.947173	0.475746	-0.0348792	0.710769	973.095	-134.524	
0.436831	0.178797	0.952332	0.20217	0.203324	0.736669	1060.19	300.952	
0.436588	0.210079	0.952397	0.207253	0.191639	0.745336	1055.64	278.211	
0.436819	0.240161	0.952425	0.213786	0.0827432	0.753035	1054.75	273.727	
0.436965	0.270569	0.952873	0.223421	-0.0625467	0.766371	1058.04	290.182	
0.303621	0.17369	1.01189	1.17523	0.033525	0.145852	1265.98	1329.91	
0.303844	0.204486	1.0137	1.18897	0.0251036	0.179778	1266.58	1332.89	
0.303578	0.235331	1.01375	1.17829	-0.0636955	0.178294	1252.76	1263.81	
0.303484	0.26595	1.01407	1.17431	-0.194239	0.190695	1247.45	1237.23	
0.345576	0.146781	0.995037	0.626363	0.0697168	0.459433	1066.83	334.139	
0.347936	0.177297	0.996486	0.694196	0.135165	0.491625	1112.93	564.63	
0.348915	0.208662	0.995958	0.722497	0.136313	0.476253	1109.87	549.328	
0.349288	0.239133	0.995574	0.737123	0.0354922	0.46824	1111.05	555.251	
0.348841	0.269991	0.996477	0.713145	-0.0799132	0.518189	1116.11	580.564	
0.303734	0.362897	0.978761	0.68292	-0.222461	0.142198	1027.3	136.489	
0.307016	0.300078	0.975727	0.776537	-0.212153	-0.0490615	1041.31	206.563	
0.305964	0.331956	0.97613	0.729233	-0.264769	-0.0268773	1030.24	151.218	
0.337146	0.394101	0.988206	0.438296	-0.140845	0.275453	950.726	-246.372	
0.37234	0.299808	0.973695	0.64354	-0.221366	0.447281	1124.69	623.433	
0.371667	0.330343	0.973837	0.592352	-0.285392	0.454946	1129.05	645.266	
0.369844	0.362352	0.974406	0.476723	-0.155416	0.467215	1060.65	303.257	
0.36075	0.393593	0.963562	0.264221	-0.156202	0.324314	916.462	-417.688	
0.398409	0.300572	0.946519	0.458108	-0.170732	0.674108	983.273	-83.6347	
0.396962	0.331436	0.945012	0.432091	-0.244076	0.614993	986.148	-69.258	
0.395161	0.361372	0.942481	0.366152	-0.233516	0.544983	947.235	-263.826	
0.387374	0.394542	0.931243	0.212332	-0.169756	0.34417	837.427	-812.866	
0.437252	0.300218	0.95326	0.225381	-0.219181	0.78268	1061.47	307.335	
0.43732	0.331402	0.953941	0.225647	-0.271633	0.793419	1064.55	322.728	
0.431879	0.391644	0.940717	0.170895	-0.233781	0.389422	891.848	-540.759	
0.304759	0.297636	1.01238	1.20798	-0.310415	0.159848	1267.15	1335.74	
0.304396	0.329536	1.01508	1.2075	-0.319127	0.216871	1257.76	1288.8	
0.301888	0.362694	1.01746	1.08769	-0.206066	0.223256	1111.7	558.509	
0.349674	0.299784	0.995912	0.757048	-0.232669	0.477077	1121.1	605.517	
0.349005	0.33142	0.998046	0.711486	-0.266349	0.54588	1108.45	542.241	
0.34646	0.363228	0.997726	0.60887	-0.118387	0.483497	1038.28	191.402	
0.560081	0.11646	0.859136	0.173593	0.210619	0.37768	892.43	-537.852	
0.461133	0.11643	0.918194	0.107759	0.172837	0.405944	969.872	-150.641	
0.488097	0.11614	0.882473	0.177918	0.225506	0.30515	931.478	-342.61	
0.53234	0.118655	0.892593	0.193851	0.259633	0.320137	886.942	-565.288	
0.564584	0.149656	0.869498	0.270654	0.24844	0.636476	960.217	-198.914	
0.495003	0.14958	0.891431	0.302886	0.294834	0.566306	941.209	-293.953	
0.465253	0.149138	0.925066	0.234016	0.199886	0.588361	1004.15	20.7388	
0.535592	0.151219	0.898688	0.270053	0.231213	0.50279	955.963	-220.185	
0.565688	0.178341	0.87191	0.306556	0.21653	0.693756	1001.13	5.67296	
0.566903	0.209507	0.874377	0.331445	0.190574	0.775042	985.823	-70.8855	
0.567478	0.239799	0.876234	0.353433	0.0749747	0.839762	975.093	-124.535	
0.567816	0.270927	0.876889	0.361594	-0.0349225	0.866075	971.572	-142.138	
0.465604	0.179121	0.926921	0.286334	0.213312	0.610396	1050.13	250.66	
0.46644	0.209897	0.92832	0.304024	0.203524	0.648205	1034.37	171.851	
0.466442	0.240024	0.929479	0.314105	0.0874077	0.68261	1022.49	112.464	
0.466697	0.270165	0.929908	0.323057	-0.0580254	0.702313	1019.27	96.3654	
0.495963	0.178434	0.89382	0.338831	0.23001	0.59925	972.286	-138.568	
0.496973	0.209186	0.896531	0.393234	0.185221	0.671574	959.857	-200.717	
0.498267	0.239525	0.898311	0.433952	0.0735481	0.733647	953.696	-231.521	
0.498974	0.270206	0.899105	0.439596	-0.0373325	0.773014	955.212	-223.94	
0.536841	0.179204	0.901164	0.305456	0.208576	0.59347	1010.42	52.1076	
0.536988	0.210862	0.901713	0.32015	0.220273	0.630599	1002.93	14.658	
0.537252	0.240327	0.902307	0.328486	0.0945415	0.663162	999.439	-2.80593	
0.537369	0.270841	0.902774	0.333079	-0.0583969	0.673542	1000.7	3.5073	
0.437135	0.361897	0.951802	0.198536	-0.159836	0.658567	998.364	-8.1811	
0.567512	0.301275	0.876367	0.367546	-0.172139	0.834369	980.814	-95.9297	
0.56699	0.331922	0.874704	0.330881	-0.26661	0.779542	1002.67	13.3616	
0.565416	0.361996	0.872287	0.287698	-0.224508	0.680546	978.69	-106.549	
0.559783	0.394541	0.858898	0.187678	-0.166579	0.457829	825.873	-870.633	
0.466976	0.299843	0.929856	0.336649	-0.225615	0.704537	1029.41	147.069	
0.466998	0.330289	0.929329	0.312222	-0.294733	0.677776	1050.14	250.692	
0.466028	0.361846	0.928442	0.223465	-0.183822	0.626272	1004.13	20.6646	
0.459691	0.393095	0.916107	0.115443	-0.180596	0.421764	880.196	-599.022	
0.4984	0.300357	0.898463	0.417236	-0.176696	0.741423	960.912	-195.438	
0.496818	0.330985	0.896959	0.383087	-0.268887	0.680773	974.693	-126.535	
0.495517	0.361347	0.894084	0.336061	-0.248651	0.598573	949.362	-253.188	
0.488411	0.39457	0.881788	0.199098	-0.183958	0.365953	848.816	-755.921	
0.537542	0.300022	0.903084	0.338796	-0.223965	0.682405	1004.16	20.809	
0.537531	0.331911	0.903096	0.334565	-0.241146	0.666957	1017.79	88.9547	
0.536307	0.360424	0.900723	0.274777	-0.213229	0.516666	952.393	-238.035	
0.531522	0.391501	0.890253	0.196713	-0.264054	0.308583	844.051	-779.746	
0.634876	0.117053	0.842856	0.177558	0.206789	0.401749	953.069	-234.655	
0.660789	0.11674	0.807247	0.186199	0.237965	0.303857	902.86	-485.698	
0.706085	0.117506	0.818366	0.143148	0.183453	0.427813	948.008	-259.962	
0.603368	0.117629	0.866934	0.144918	0.191522	0.387574	941.245	-293.774	
0.639052	0.149407	0.84934	0.314302	0.224686	0.57705	986.322	-68.3892	
0.667322	0.150141	0.815955	0.289972	0.300143	0.564751	923.593	-382.035	
0.709296	0.149465	0.825413	0.179357	0.166723	0.682729	1010.12	50.6204	
0.668565	0.178061	0.819216	0.326923	0.20814	0.636816	962.263	-188.683	
0.669344	0.208783	0.8219	0.379627	0.171187	0.71444	947.762	-261.19	
0.670409	0.23935	0.823722	0.412635	0.0692972	0.781911	935.449	-322.757	
0.671006	0.27051	0.824428	0.413424	-0.0296565	0.816538	936.826	-315.871	
0.709721	0.178773	0.827826	0.161149	0.20376	0.766002	1063.74	318.714	
0.709184	0.210025	0.828092	0.152869	0.194177	0.782817	1058.5	292.507	
0.709187	0.240075	0.828217	0.150636	0.08169	0.793427	1055.52	277.584	
0.709354	0.270463	0.828565	0.160881	-0.0665306	0.803014	1058.81	294.04	
0.639659	0.178946	0.851152	0.388704	0.217438	0.598439	1033.65	168.238	
0.640426	0.209487	0.852458	0.405959	0.20169	0.634376	1013.36	66.7781	
0.640294	0.239707	0.853552	0.411034	0.0837552	0.66964	997.911	-10.4441	
0.640441	0.270178	0.853814	0.415281	-0.0535566	0.689506	995.41	-22.9477	
0.6073	0.150243	0.87345	0.227372	0.184147	0.614189	997.476	-12.6222	
0.607885	0.179746	0.876236	0.242026	0.226981	0.690992	1044.13	220.639	
0.608242	0.211104	0.876916	0.250554	0.233977	0.720165	1033.6	168.015	
0.60881	0.240935	0.877381	0.269009	0.110028	0.743688	1026.65	133.234	
0.609087	0.27077	0.877902	0.273255	-0.0487221	0.768308	1028.64	143.197	
0.633341	0.391985	0.841115	0.184285	-0.236683	0.435852	866.956	-665.218	
0.670641	0.300723	0.823916	0.3936	-0.164383	0.786805	949.259	-253.706	
0.669463	0.331306	0.822275	0.37953	-0.251079	0.719923	961.55	-192.248	
0.667928	0.360966	0.819271	0.322753	-0.252068	0.628209	933.784	-331.079	
0.660714	0.394201	0.807125	0.196518	-0.185316	0.386858	827.124	-864.378	
0.709656	0.300094	0.828974	0.160883	-0.221489	0.8219	1062.79	313.941	
0.709932	0.331497	0.82928	0.174538	-0.264567	0.816544	1067.72	338.609	
0.710117	0.36163	0.827022	0.167673	-0.171553	0.677568	994.107	-29.4666	
0.704662	0.392019	0.816192	0.129586	-0.21201	0.413968	890.731	-546.344	
0.640477	0.300241	0.854013	0.42117	-0.212412	0.694163	1008.7	43.5211	
0.64111	0.330885	0.85352	0.4193	-0.275078	0.665143	1029.9	149.489	
0.640014	0.36211	0.852561	0.322037	-0.177343	0.599809	982.308	-88.4615	
0.608958	0.299583	0.878162	0.275554	-0.235145	0.769783	1035.97	179.829	
0.608845	0.330397	0.878372	0.267395	-0.286611	0.761841	1046.25	231.237	
0.608635	0.361066	0.875967	0.240974	-0.169456	0.619575	985.613	-71.9349	
0.602866	0.39213	0.864869	0.16933	-0.211002	0.372504	884.516	-577.419	
0.734189	0.115972	0.793466	0.0757576	0.155721	0.423857	990.16	-49.2	
0.757839	0.114969	0.757325	-0.0134735	0.173624	0.302039	999.837	-0.813844	
0.800044	0.113805	0.776823	-0.0631005	0.101595	0.623284	1070.04	350.185	
0.805287	0.110578	0.732003	-0.305489	0.146883	0.363953	1452.18	2260.92	
0.808167	0.142126	0.732763	-0.21263	0.171976	0.331839	1243.47	1217.36	
0.737896	0.148576	0.800692	0.175702	0.181007	0.628907	1029.61	148.041	
0.761614	0.147971	0.766169	0.0138049	0.226097	0.557891	998.397	-8.01562	
0.800896	0.147336	0.781009	-0.0567388	0.174101	0.743496	997.749	-11.2569	
0.737651	0.178718	0.802606	0.193006	0.203487	0.65178	1083.46	417.279	
0.738217	0.209559	0.804051	0.210121	0.197191	0.688362	1071.53	357.666	
0.738105	0.239734	0.805191	0.213579	0.0837832	0.722005	1060.79	303.927	
0.738346	0.269867	0.805531	0.218394	-0.0612742	0.740308	1058.55	292.775	
0.761051	0.177234	0.768392	-0.0119115	0.181726	0.589661	1040.08	200.424	
0.761188	0.208403	0.770944	0.0175865	0.150138	0.650703	1037.39	186.953	
0.761913	0.239184	0.772478	0.035517	0.0588069	0.704967	1032.77	163.862	
0.762466	0.270125	0.773203	0.0390572	-0.045966	0.736945	1035.15	175.742	
0.799257	0.177246	0.783332	-0.0794759	0.132755	0.777261	1024.56	122.797	
0.798708	0.207748	0.783198	-0.0992117	0.110623	0.789478	1028.81	144.051	
0.798057	0.239291	0.783207	-0.118687	0.0473025	0.793165	1018.97	94.8387	
0.797995	0.271096	0.783447	-0.116144	-0.0448481	0.796875	1015.17	75.8407	
0.805295	0.174399	0.736101	-0.264093	0.134926	0.39067	1178.15	890.771	
0.80553	0.205985	0.735897	-0.253805	0.07568	0.375188	1159.72	798.613	
0.805045	0.238117	0.736932	-0.262955	0.0142818	0.401923	1140.78	703.923	
0.806318	0.270296	0.736061	-0.241565	-0.0399169	0.38631	1145.32	726.614	
0.732968	0.395578	0.792207	0.0586432	-0.172141	0.428035	926.567	-367.163	
0.738274	0.299695	0.805323	0.211386	-0.221311	0.736179	1068.68	343.396	
0.738561	0.330147	0.804661	0.2132	-0.283917	0.704466	1084.99	424.935	
0.736958	0.361179	0.80113	0.145263	-0.179	0.632124	1030.31	151.574	
0.761876	0.300714	0.772421	0.0102566	-0.165624	0.701546	1042.4	212.009	
0.76141	0.331858	0.770999	0.0179022	-0.237306	0.651883	1046.37	231.83	
0.761288	0.362322	0.768829	0.012458	-0.221294	0.59806	1009.49	47.4521	
0.75733	0.395595	0.756172	-0.0200923	-0.143225	0.342786	922.412	-387.94	
0.798133	0.302582	0.783975	-0.0988631	-0.160648	0.801901	1024.09	120.437	
0.799819	0.333516	0.784127	-0.0712161	-0.198241	0.813989	1038.77	193.837	
0.801301	0.363882	0.782707	-0.0734766	-0.17098	0.736437	988.6	-56.9991	
0.797158	0.396859	0.772702	-0.126322	-0.0880891	0.557888	1000.62	3.09656	
0.805001	0.303186	0.737289	-0.261355	-0.106351	0.407559	1131.84	659.178	
0.805301	0.335038	0.736305	-0.263628	-0.184444	0.39245	1161.74	808.695	
0.805361	0.366669	0.736445	-0.288827	-0.238599	0.430732	1205.54	1027.69	
0.807391	0.398569	0.72884	-0.264039	-0.212059	0.338375	1408.48	2042.39	
