x	y	z	U	V	W	Ro	P	
0.117158	0.107673	1.01245	0.39459	0.203082	0.0893227	1805.29	4026.46	
0.11603	0.107235	1.04533	0.411356	0.253796	0.0599535	1812.88	4064.41	
0.118281	0.107627	1.07856	0.434797	0.238226	0.0309584	1757.94	3789.69	
0.116769	0.107667	1.11118	0.383155	0.245713	0.0376129	1782.32	3911.58	
0.119455	0.140249	1.01165	0.337092	0.229496	0.0677337	1426.76	2133.82	
0.123793	0.142499	1.04676	0.489552	0.274613	0.10251	1340.21	1701.07	
0.124075	0.142447	1.07865	0.470099	0.27299	0.0568649	1326.34	1631.69	
0.124358	0.143003	1.11176	0.480003	0.265841	0.0675052	1323.68	1618.38	
0.117821	0.107715	1.14376	0.380187	0.240593	0.0768047	1762.26	3811.31	
0.117992	0.107813	1.17645	0.389363	0.213754	0.106607	1742.22	3711.09	
0.118466	0.108084	1.20882	0.3953	0.224116	0.0966236	1716.27	3581.36	
0.118734	0.108606	1.24146	0.404143	0.241463	0.0691518	1681.37	3406.86	
0.118648	0.109144	1.27511	0.401185	0.264657	0.0718588	1638.91	3194.53	
0.125251	0.142266	1.14414	0.4713	0.265698	0.0839039	1322.66	1613.32	
0.123737	0.142947	1.17672	0.430767	0.264059	0.110096	1338.52	1692.59	
0.12475	0.143257	1.20937	0.451196	0.275464	0.114828	1320.24	1601.22	
0.125134	0.143715	1.24217	0.458658	0.294111	0.110139	1291.63	1458.15	
0.126026	0.144426	1.27671	0.4881	0.319687	0.149887	1243.18	1215.91	
0.120391	0.111024	1.31021	0.420455	0.308903	0.129056	1512.9	2564.49	
0.120721	0.112049	1.34835	0.456693	0.347555	0.245697	1409.03	2045.13	
0.122429	0.114536	1.39112	0.476473	0.390529	0.388809	1229.38	1146.91	
0.12815	0.146268	1.313	0.514549	0.37474	0.244382	1162.02	810.097	
0.127453	0.147397	1.35258	0.514236	0.425515	0.385838	1073.71	368.535	
0.129632	0.150563	1.39677	0.550881	0.51796	0.507392	973.228	-133.861	
0.124773	0.117874	1.43665	0.448731	0.388235	0.432234	1025.54	127.678	
0.125788	0.119287	1.48391	0.407883	0.376295	0.402042	904.251	-478.746	
0.129839	0.124435	1.53387	0.455369	0.410609	0.263071	733.856	-1330.72	
0.123043	0.171527	1.01246	0.370079	0.179418	0.078981	1344.05	1720.24	
0.12616	0.174501	1.04701	0.485503	0.184716	0.116978	1297.7	1488.49	
0.128289	0.174372	1.07971	0.519325	0.19327	0.0813548	1282.08	1410.39	
0.127173	0.175131	1.11226	0.481269	0.196112	0.0600705	1287.86	1439.29	
0.122139	0.202543	1.01275	0.355819	0.103752	0.0824314	1323.48	1617.38	
0.125803	0.206559	1.04683	0.478118	0.110823	0.119977	1292.31	1461.56	
0.126166	0.205775	1.07919	0.460463	0.116291	0.0750462	1285.83	1429.13	
0.12676	0.207247	1.112	0.477395	0.126363	0.072019	1280.49	1402.44	
0.123651	0.234879	1.01314	0.396671	0.0142443	0.096532	1280.18	1400.89	
0.126741	0.239419	1.04682	0.506265	0.0299309	0.126475	1257.92	1289.58	
0.127841	0.238538	1.07928	0.509979	0.0355823	0.0830418	1244.74	1223.69	
0.128034	0.239953	1.112	0.512281	0.043194	0.0735281	1240.08	1200.39	
0.123412	0.267949	1.01341	0.39015	-0.0488498	0.11533	1263.69	1318.47	
0.126734	0.272752	1.04684	0.506213	-0.0366585	0.127778	1245.5	1227.52	
0.127866	0.271601	1.07915	0.512528	-0.0415314	0.0806048	1234.65	1173.25	
0.127615	0.272823	1.11185	0.503584	-0.0340128	0.0696736	1235.27	1176.36	
0.127821	0.173939	1.14489	0.473882	0.193735	0.0572693	1292.15	1460.73	
0.12807	0.174939	1.17778	0.481872	0.200379	0.111357	1300.32	1501.58	
0.128883	0.175075	1.21028	0.490959	0.210041	0.129539	1290.01	1450.04	
0.129444	0.17521	1.24322	0.501014	0.221206	0.144411	1262.81	1314.04	
0.129364	0.1757	1.27773	0.496093	0.235841	0.196088	1214.98	1074.88	
0.126161	0.205315	1.14438	0.422894	0.132544	0.0584138	1295.51	1477.53	
0.125889	0.206564	1.17745	0.417367	0.136969	0.1113	1307.13	1535.67	
0.126946	0.206593	1.21033	0.432733	0.152321	0.136618	1294.57	1472.84	
0.127302	0.206513	1.24357	0.437025	0.156752	0.166037	1265.64	1328.21	
0.128768	0.207032	1.27837	0.479624	0.174966	0.22684	1200.2	1001.02	
0.128134	0.237674	1.1446	0.478527	0.0521193	0.0622401	1251.58	1257.92	
0.127943	0.238942	1.1774	0.476016	0.060912	0.111371	1264.15	1320.73	
0.128937	0.238841	1.21035	0.489676	0.0723693	0.13924	1252.03	1260.13	
0.129369	0.238645	1.24371	0.496392	0.0711875	0.172546	1222.98	1114.92	
0.130553	0.238814	1.27861	0.525557	0.0734847	0.240244	1157.72	788.601	
0.128674	0.270199	1.14471	0.501377	-0.0483849	0.0670241	1239.68	1198.4	
0.127512	0.271269	1.17749	0.460314	-0.0294555	0.113034	1259.61	1298.06	
0.12861	0.27107	1.21055	0.480347	-0.0245796	0.145518	1245.54	1227.7	
0.129156	0.270783	1.24389	0.490351	-0.0292059	0.177457	1215.12	1075.62	
0.130352	0.270748	1.27883	0.521953	-0.0373056	0.24187	1149.49	747.438	
0.130516	0.176538	1.31532	0.508972	0.260669	0.310985	1139.07	695.37	
0.131896	0.176891	1.35635	0.5494	0.306392	0.476862	1040.19	200.953	
0.134154	0.178855	1.40112	0.580779	0.370946	0.577919	958.121	-209.394	
0.130404	0.206899	1.31615	0.500981	0.183118	0.346601	1116.55	582.749	
0.131055	0.206602	1.35713	0.535995	0.210232	0.505195	1020.48	102.395	
0.134186	0.207618	1.40186	0.603844	0.26058	0.605986	934.879	-325.606	
0.132029	0.237851	1.31672	0.539404	0.0724868	0.365467	1075.18	375.887	
0.132939	0.237395	1.35757	0.576962	0.0909554	0.519311	978.852	-105.739	
0.13591	0.237544	1.40227	0.633938	0.117362	0.621048	898.841	-505.794	
0.132459	0.269229	1.31686	0.558929	-0.0539127	0.362984	1065.24	326.211	
0.133178	0.268418	1.35775	0.591675	-0.0502884	0.519638	970.379	-148.106	
0.13645	0.268111	1.40233	0.66305	-0.033015	0.619042	889.652	-551.74	
0.132584	0.155112	1.44305	0.573907	0.551444	0.519086	891.11	-544.448	
0.134313	0.155233	1.49318	0.605156	0.475302	0.483708	867.203	-663.987	
0.138914	0.159137	1.54079	0.732394	0.381488	0.159803	810.763	-946.184	
0.137258	0.181813	1.44761	0.638553	0.372537	0.538533	910.156	-449.221	
0.138883	0.210811	1.44708	0.69144	0.293451	0.554808	893.249	-533.756	
0.140905	0.239757	1.447	0.738491	0.147577	0.523995	866.879	-665.603	
0.141543	0.269172	1.44682	0.774861	-0.0256842	0.523992	863.879	-680.603	
0.140259	0.180998	1.49614	0.698987	0.306599	0.4931	918.406	-407.97	
0.144926	0.181042	1.54321	0.837161	0.0616871	0.258496	873.437	-632.813	
0.143188	0.209647	1.4954	0.792186	0.264962	0.480699	909.666	-451.671	
0.14846	0.211751	1.54343	0.935359	0.107862	0.291005	877.438	-612.808	
0.146192	0.237529	1.4953	0.862595	0.142649	0.4512	906.528	-467.361	
0.151628	0.239586	1.54354	1.00329	0.0134265	0.30957	900.064	-499.679	
0.147326	0.266637	1.49512	0.898648	0.00386428	0.446089	909.098	-454.512	
0.152542	0.269993	1.54361	1.01304	-0.0150843	0.305056	917.817	-410.913	
0.125489	0.301101	1.01334	0.414323	-0.123046	0.107597	1252.65	1263.26	
0.127349	0.30524	1.04682	0.508668	-0.146376	0.130379	1254.31	1271.54	
0.12932	0.304066	1.07978	0.535012	-0.154564	0.0914828	1235.92	1179.6	
0.128274	0.304866	1.11269	0.501461	-0.137676	0.0696372	1237.64	1188.19	
0.122497	0.332904	1.01304	0.387145	-0.240005	0.0959422	1324.87	1624.34	
0.125577	0.337581	1.04642	0.503367	-0.238165	0.115515	1308.72	1543.59	
0.126309	0.335923	1.0793	0.497491	-0.253433	0.0787796	1291.34	1456.69	
0.126808	0.337728	1.11184	0.509838	-0.216704	0.0692078	1275.02	1375.12	
0.1212	0.36517	1.01252	0.413826	-0.328724	0.0926978	1394.13	1970.65	
0.123632	0.369722	1.04583	0.529949	-0.324982	0.094229	1367.46	1837.31	
0.124533	0.367905	1.07843	0.527729	-0.348638	0.054621	1335.29	1676.47	
0.124744	0.36951	1.11136	0.524256	-0.31913	0.0525253	1324.81	1624.04	
0.116864	0.399219	1.01181	0.402405	-0.30333	0.0971355	1678.7	3393.51	
0.113722	0.403411	1.04263	0.401954	-0.358702	0.0268792	1812.4	4062	
0.115886	0.401	1.07681	0.42358	-0.37521	0.00552676	1718.8	3593.98	
0.115252	0.403519	1.10995	0.399083	-0.33665	0.0180069	1766.18	3830.92	
0.129694	0.301943	1.14578	0.508053	-0.187911	0.0811133	1243.46	1217.31	
0.129097	0.303138	1.17827	0.488361	-0.159522	0.124995	1263.03	1315.15	
0.13032	0.30278	1.21107	0.509323	-0.158882	0.155965	1246.97	1234.87	
0.130963	0.302375	1.24434	0.522922	-0.16743	0.188621	1217.43	1087.13	
0.131491	0.301889	1.27959	0.536502	-0.175372	0.254755	1155.03	775.135	
0.127003	0.333625	1.14511	0.478361	-0.28947	0.0781858	1287.33	1436.63	
0.126565	0.335273	1.1777	0.476308	-0.248541	0.118285	1309.92	1549.6	
0.127678	0.334665	1.21059	0.492841	-0.253207	0.141757	1290.1	1450.49	
0.128303	0.333941	1.24385	0.50543	-0.269131	0.168528	1259.78	1298.9	
0.129468	0.333702	1.27827	0.531918	-0.272928	0.223817	1187.53	937.664	
0.125781	0.365288	1.145	0.515449	-0.38606	0.0874521	1310.78	1553.89	
0.124391	0.366882	1.17699	0.490622	-0.340905	0.1024	1344.6	1723.02	
0.125571	0.36616	1.20997	0.511397	-0.34897	0.120522	1318.69	1593.43	
0.12597	0.365327	1.24305	0.518907	-0.371899	0.133629	1291.99	1459.96	
0.127117	0.365166	1.27738	0.544993	-0.377002	0.184032	1216.64	1083.19	
0.117172	0.400264	1.14381	0.417035	-0.369343	0.0713068	1647.61	3238.05	
0.116295	0.401578	1.17614	0.391719	-0.315846	0.0831738	1675.96	3379.78	
0.11714	0.400839	1.2093	0.410822	-0.329087	0.0989576	1632.12	3160.61	
0.117548	0.400092	1.2423	0.422154	-0.347732	0.0902633	1588	2939.98	
0.118502	0.400285	1.27631	0.442119	-0.343405	0.116795	1515.1	2575.5	
0.133918	0.299785	1.31763	0.575845	-0.233716	0.379579	1075.44	377.186	
0.134693	0.298713	1.35811	0.609637	-0.228869	0.520228	984.275	-78.6238	
0.137793	0.297786	1.4027	0.669505	-0.216087	0.591537	901.106	-494.472	
0.13114	0.329985	1.31648	0.550884	-0.374527	0.344516	1115.07	575.337	
0.132061	0.328811	1.35684	0.591642	-0.367209	0.489359	1021.74	108.677	
0.135153	0.327163	1.40157	0.650695	-0.361543	0.603911	924.138	-379.311	
0.12951	0.36091	1.3151	0.577154	-0.485004	0.293256	1123.83	619.167	
0.129533	0.359243	1.35421	0.599785	-0.490615	0.412214	1045.83	229.133	
0.132318	0.356885	1.39837	0.644867	-0.494165	0.543151	926.642	-366.789	
0.120929	0.396591	1.31287	0.482418	-0.413795	0.198136	1325.92	1629.62	
0.121395	0.39544	1.35066	0.507962	-0.412671	0.281466	1218.99	1094.93	
0.1236	0.393404	1.39234	0.530923	-0.401823	0.395832	1051.66	258.292	
0.126267	0.392535	1.4377	0.523889	-0.371442	0.468605	913.781	-431.095	
0.142524	0.297419	1.44793	0.767442	-0.225968	0.487414	880.482	-597.591	
0.139431	0.327025	1.4466	0.721476	-0.325805	0.522629	888.561	-557.195	
0.135984	0.355632	1.4445	0.69763	-0.442105	0.541122	854.085	-729.574	
0.147816	0.294927	1.49592	0.87902	-0.135289	0.412118	919.88	-400.601	
0.152261	0.298954	1.54402	0.995291	-0.0771511	0.292203	910.523	-447.384	
0.144345	0.32542	1.49435	0.828219	-0.161735	0.39953	896.491	-517.546	
0.148689	0.331649	1.54297	0.931233	0.0122263	0.227612	889.391	-553.047	
0.140702	0.354622	1.4926	0.773087	-0.21457	0.399525	876.546	-617.269	
0.146686	0.35572	1.53869	0.96907	-0.216077	0.0113117	865.673	-671.634	
0.130755	0.389241	1.48358	0.548948	-0.278854	0.39591	782.511	-1087.45	
0.137682	0.386387	1.52546	0.769335	-0.356144	0.0153182	718.557	-1407.22	
0.165519	0.109355	1.01291	0.529757	0.116546	0.0658717	1503.14	2515.68	
0.17159	0.109273	1.04603	0.598586	0.133997	0.0520734	1454.37	2271.87	
0.170112	0.109199	1.07784	0.544477	0.132105	0.0142332	1469.72	2348.61	
0.170194	0.10919	1.11051	0.512669	0.136711	0.00558864	1479.68	2398.4	
0.171628	0.142795	1.01281	0.589564	0.173528	0.0496206	1258.58	1292.91	
0.18355	0.144402	1.04803	0.793995	0.1706	0.0265672	1248.98	1244.89	
0.182424	0.143864	1.08013	0.745615	0.152713	0.0241454	1267.68	1338.4	
0.184407	0.143817	1.11286	0.760189	0.141911	0.0313264	1270.88	1354.42	
0.216709	0.110248	1.01034	0.625918	0.0934343	-0.0511878	1391.93	1959.65	
0.228786	0.109711	1.042	0.709339	0.092204	-0.0611724	1385.68	1928.42	
0.224918	0.109045	1.07423	0.635282	0.0857808	-0.0570065	1405.26	2026.3	
0.222353	0.108897	1.10772	0.569245	0.0932684	-0.0393811	1441.82	2209.1	
0.223803	0.14422	1.00981	0.784701	0.143044	-0.0983947	1195.37	976.83	
0.241915	0.144794	1.04325	0.942601	0.0955283	-0.119391	1224.7	1123.51	
0.239031	0.143492	1.07631	0.896204	0.0767291	-0.0742042	1227.7	1138.5	
0.242199	0.142315	1.10982	0.932979	0.0277281	-0.0472367	1245.5	1227.52	
0.266068	0.113552	0.991628	0.511606	0.0658402	-0.243502	1045.18	225.898	
0.279671	0.110268	1.03308	0.572333	0.0496013	-0.232215	1282.46	1412.3	
0.284729	0.108549	1.07045	0.695533	0.0561367	-0.160114	1327.14	1635.69	
0.277949	0.108871	1.10449	0.560981	0.060653	-0.120327	1369.79	1848.96	
0.296174	0.143132	1.03993	0.898806	0.0342927	-0.207633	1187.03	935.129	
0.300246	0.140797	1.07442	1.00319	-0.0124569	-0.166493	1163.03	815.162	
0.171627	0.109356	1.14254	0.520757	0.141586	0.0301467	1471.66	2358.31	
0.171623	0.108891	1.17561	0.522949	0.107193	0.0618259	1467.52	2337.58	
0.172099	0.109426	1.20831	0.537834	0.112135	0.0911014	1442.71	2213.55	
0.172473	0.110243	1.24121	0.551357	0.133981	0.0954725	1395.69	1978.43	
0.172391	0.111393	1.27544	0.555122	0.1773	0.126585	1326.72	1633.59	
0.185472	0.143187	1.14452	0.760768	0.13312	0.0472431	1273.11	1365.53	
0.183273	0.143431	1.17657	0.69563	0.121807	0.072781	1267.25	1336.23	
0.184411	0.143825	1.20906	0.720654	0.121427	0.113899	1260.61	1303.06	
0.185344	0.144776	1.24229	0.741694	0.149787	0.154384	1229.55	1147.74	
0.187123	0.14628	1.2779	0.792531	0.208835	0.236434	1162.36	811.793	
0.227719	0.108703	1.13992	0.639589	0.0578003	-0.00763251	1446.61	2233.07	
0.225904	0.107744	1.17273	0.599073	0.0302639	0.0346485	1457.93	2289.63	
0.227308	0.108482	1.20588	0.628068	0.030442	0.0863877	1423.45	2117.25	
0.227653	0.109544	1.23923	0.646995	0.0544226	0.137889	1358.59	1792.93	
0.225548	0.111165	1.27434	0.63889	0.107666	0.187972	1276.9	1384.51	
0.244719	0.141833	1.14175	0.938916	0.0131951	-0.00194683	1260.91	1304.56	
0.240825	0.141733	1.17359	0.855667	0.00542211	0.0317177	1257.69	1288.47	
0.242365	0.142453	1.20653	0.883637	0.00649782	0.105722	1240.71	1203.57	
0.243343	0.143738	1.24021	0.910168	0.0377481	0.18087	1202.08	1010.38	
0.245211	0.14543	1.27625	0.971099	0.0937357	0.259018	1135.31	676.567	
0.284767	0.107879	1.13772	0.685005	0.0167733	-0.0541596	1405.74	2028.71	
0.284025	0.107128	1.1716	0.643723	-0.0154762	0.0332046	1419.71	2098.56	
0.284172	0.108123	1.20513	0.649384	-0.0127137	0.114205	1377.54	1887.72	
0.285744	0.109409	1.23937	0.691109	0.00828103	0.182848	1300.31	1501.57	
0.282248	0.111568	1.27422	0.672885	0.0642361	0.233298	1192.5	962.498	
0.175268	0.113334	1.31186	0.594066	0.223012	0.226026	1200.88	1004.41	
0.174655	0.115029	1.35189	0.624663	0.26738	0.349685	1082.31	411.56	
0.17547	0.117565	1.39499	0.661941	0.290018	0.448497	968.668	-156.658	
0.230121	0.113741	1.31167	0.679211	0.15237	0.30329	1138.51	692.572	
0.227668	0.115429	1.35181	0.664406	0.200315	0.381559	1033.72	168.616	
0.226458	0.118385	1.39476	0.658991	0.218236	0.434842	939.48	-302.6	
0.286322	0.114334	1.31161	0.702275	0.12808	0.335224	1064.07	320.353	
0.283502	0.116388	1.35158	0.659168	0.172567	0.395503	945.95	-270.252	
0.279824	0.119936	1.39431	0.599147	0.205524	0.443816	857.225	-713.873	
0.224207	0.121103	1.43848	0.652259	0.221589	0.404375	906.79	-466.049	
0.275056	0.124829	1.43477	0.581888	0.276723	0.327595	816.705	-916.477	
0.17631	0.120276	1.44009	0.615783	0.297801	0.433863	877.993	-610.037	
0.175082	0.12208	1.48861	0.527088	0.31291	0.404696	833.697	-831.513	
0.174916	0.127275	1.53747	0.423604	0.435175	0.182733	775.074	-1124.63	
0.219605	0.122372	1.48473	0.504822	0.219743	0.387887	904.104	-479.481	
0.215174	0.127131	1.53567	0.351028	0.343752	0.347768	862.565	-687.176	
0.268022	0.127492	1.481	0.581706	0.276693	0.374732	858.608	-706.961	
0.259991	0.131004	1.52543	0.568484	0.285427	0.396643	912.657	-436.716	
0.276714	0.14588	0.997152	0.796988	0.101417	-0.309494	1008.81	44.0259	
0.177917	0.173243	1.01323	0.63159	0.143985	0.0352257	1235.67	1178.33	
0.176852	0.204076	1.01342	0.617068	0.103927	0.0341618	1202.12	1010.62	
0.177993	0.235234	1.01389	0.642074	0.027944	0.0375883	1181.28	906.412	
0.178475	0.266724	1.01401	0.648723	-0.0892906	0.0375607	1170.81	854.064	
0.190639	0.174716	1.04713	0.871221	0.134407	-0.0174628	1257.53	1287.66	
0.191129	0.174633	1.0798	0.869772	0.103625	0.00581106	1295.48	1477.41	
0.190975	0.174872	1.11209	0.817897	0.103552	-0.00167687	1296.32	1481.62	
0.187532	0.205312	1.04748	0.775344	0.0796383	-0.017848	1254.49	1272.43	
0.186865	0.205226	1.08	0.737653	0.0464528	0.011225	1286.25	1431.26	
0.188871	0.206341	1.11238	0.757457	0.0552318	0.00897408	1288.75	1443.77	
0.188699	0.236224	1.04766	0.802046	-0.00951912	-0.0123684	1239.85	1199.26	
0.1888	0.236567	1.0799	0.793503	-0.0280826	0.00976688	1270.87	1354.37	
0.190493	0.23741	1.11243	0.801177	-0.0310042	0.00906493	1276.78	1383.9	
0.189779	0.267338	1.04738	0.824886	-0.139337	-0.0132833	1251.71	1258.56	
0.189032	0.267518	1.07986	0.781233	-0.156357	0.0153106	1277.3	1386.48	
0.190035	0.268285	1.11231	0.7712	-0.146103	0.0120398	1278.27	1391.36	
0.235628	0.173199	1.00643	0.934219	0.106383	-0.233275	1171.88	859.378	
0.254853	0.174016	1.04022	1.14012	0.0563604	-0.205392	1260.39	1301.95	
0.25585	0.172351	1.07522	1.18154	0.00489681	-0.120374	1270.79	1353.96	
0.251077	0.172304	1.10815	1.02884	-0.0110452	-0.125172	1301.5	1507.48	
0.232617	0.202468	1.00803	0.857016	0.0585013	-0.198627	1150.38	751.875	
0.249042	0.203401	1.04148	0.980508	-0.00252161	-0.170228	1265.3	1326.51	
0.248548	0.201607	1.07528	0.961301	-0.0497158	-0.11953	1279.24	1396.18	
0.248508	0.202955	1.10825	0.951668	-0.0521906	-0.122851	1303.57	1517.83	
0.233535	0.232363	1.00831	0.863387	-0.0144731	-0.213018	1133.8	669.015	
0.249989	0.233589	1.04156	0.988789	-0.0655938	-0.178083	1259.26	1296.29	
0.251006	0.232269	1.07576	1.01371	-0.102544	-0.108373	1270.16	1350.8	
0.25065	0.233361	1.10853	0.995806	-0.11186	-0.119047	1302.51	1512.57	
0.232722	0.262826	1.00898	0.860013	-0.132573	-0.207606	1138.21	691.053	
0.248272	0.263307	1.04224	0.962131	-0.20664	-0.167737	1275.72	1378.61	
0.247776	0.262419	1.07613	0.945783	-0.23191	-0.104963	1282.58	1412.9	
0.247295	0.263432	1.10909	0.907168	-0.230258	-0.104001	1309.2	1545.98	
0.286291	0.173094	0.992987	0.900577	0.0400372	-0.360285	1026.8	133.993	
0.287414	0.202169	0.995019	0.947918	-0.00495881	-0.379713	1022.3	111.519	
0.287631	0.230359	0.996153	0.921367	-0.0935024	-0.387044	1021.67	108.336	
0.286833	0.2597	0.998364	0.931659	-0.140084	-0.380105	1017.08	85.3766	
0.193402	0.174001	1.14417	0.850462	0.094311	0.022157	1294.08	1470.38	
0.193236	0.17417	1.17664	0.850349	0.0779968	0.0533876	1301.46	1507.28	
0.194206	0.174438	1.20933	0.8718	0.0878392	0.111775	1293.49	1467.43	
0.194822	0.174951	1.24287	0.878321	0.113578	0.177209	1262.23	1311.15	
0.194534	0.175994	1.27856	0.85856	0.160593	0.278025	1188.63	943.134	
0.18769	0.204276	1.14444	0.666774	0.0391553	0.025133	1293.23	1466.15	
0.18784	0.204602	1.17714	0.677622	0.026701	0.0680335	1295.09	1475.43	
0.189047	0.204856	1.21007	0.700943	0.0413369	0.134449	1289.44	1447.21	
0.190349	0.205242	1.24384	0.728909	0.0662459	0.215736	1254.25	1271.27	
0.192796	0.206588	1.27949	0.798413	0.119999	0.32082	1175.25	876.242	
0.190241	0.235306	1.14459	0.742651	-0.0324816	0.0275937	1282.33	1411.64	
0.190612	0.235573	1.17722	0.755416	-0.0428406	0.0734885	1288.91	1444.55	
0.191538	0.235718	1.21023	0.770121	-0.0266905	0.14388	1281.07	1405.37	
0.19273	0.235889	1.24413	0.792352	-0.00879314	0.231812	1246.92	1234.58	
0.19479	0.23659	1.28007	0.845441	0.0202042	0.34563	1165.9	829.506	
0.192212	0.265802	1.14476	0.785219	-0.158444	0.0290602	1289.51	1447.55	
0.189996	0.265901	1.17721	0.710607	-0.159242	0.0736871	1295.15	1475.75	
0.19153	0.265933	1.21039	0.745178	-0.148253	0.150786	1285.39	1426.95	
0.192955	0.265899	1.24437	0.77722	-0.139179	0.240426	1249.04	1245.22	
0.195325	0.266202	1.28024	0.845533	-0.126248	0.34959	1167.13	835.636	
0.258789	0.171609	1.14084	1.16487	-0.0322377	-0.0669848	1300.95	1504.74	
0.257345	0.170912	1.17291	1.13767	-0.0539301	-0.0149424	1315.55	1577.76	
0.259255	0.171561	1.20615	1.17642	-0.0447498	0.0811547	1293.8	1469	
0.259351	0.172544	1.24042	1.16915	-0.00652644	0.191933	1251.49	1257.43	
0.256453	0.174428	1.2768	1.11531	0.0621722	0.29363	1176.42	882.085	
0.250324	0.200764	1.14096	0.900997	-0.0964568	-0.0656253	1323.71	1618.54	
0.249937	0.200034	1.17384	0.894643	-0.123436	0.00765107	1324.9	1624.52	
0.25169	0.200694	1.20736	0.926986	-0.106786	0.116209	1309.49	1547.47	
0.253147	0.201782	1.24174	0.964557	-0.0593118	0.239054	1268.48	1342.42	
0.254054	0.204251	1.27807	1.02272	0.026956	0.341516	1176.68	883.425	
0.253127	0.230904	1.14157	0.96694	-0.151063	-0.0537731	1316.1	1580.48	
0.252602	0.230288	1.17421	0.958573	-0.172117	0.0170014	1324.18	1620.9	
0.254465	0.230967	1.20771	0.992874	-0.151386	0.127381	1305.79	1528.93	
0.255664	0.231802	1.24226	1.01858	-0.109167	0.255468	1266.46	1332.31	
0.256025	0.233523	1.27871	1.05541	-0.0419929	0.361451	1180.35	901.746	
0.253202	0.260499	1.14195	0.976767	-0.268792	-0.0496573	1332.92	1664.62	
0.2492	0.259868	1.17426	0.859171	-0.286382	0.0194023	1334.22	1671.12	
0.251471	0.260337	1.20805	0.908523	-0.268695	0.139588	1315.06	1575.31	
0.253189	0.261	1.2426	0.955689	-0.232765	0.268501	1274.58	1372.9	
0.254704	0.262419	1.27899	1.0314	-0.176583	0.367277	1186.42	932.087	
0.190661	0.151008	1.35774	0.871152	0.326007	0.476032	999.12	-4.39939	
0.18875	0.14843	1.31735	0.811344	0.287514	0.381079	1071.13	355.657	
0.189645	0.153564	1.40266	0.845884	0.344061	0.563628	948.194	-259.031	
0.247406	0.148188	1.31537	0.978217	0.14805	0.413823	1051.65	258.237	
0.24533	0.150751	1.35714	0.967687	0.210151	0.498494	992.117	-39.4133	
0.24282	0.152686	1.402	0.894687	0.169115	0.538075	982.48	-87.5993	
0.297615	0.152697	1.40257	0.836267	0.0937709	0.575512	934.695	-326.527	
0.196968	0.177437	1.31774	0.887675	0.203571	0.437488	1095.19	475.971	
0.196741	0.179308	1.36062	0.915749	0.268114	0.555998	1025.54	127.71	
0.197013	0.181303	1.40689	0.90114	0.282548	0.608564	990.643	-46.7827	
0.195535	0.207041	1.31946	0.851738	0.148738	0.483564	1078.89	394.436	
0.197219	0.208371	1.36175	0.940735	0.217449	0.568144	1004.26	21.2821	
0.198709	0.210015	1.40743	0.948052	0.246836	0.611568	982.359	-88.2039	
0.197531	0.236098	1.32016	0.895142	0.0273637	0.50097	1070.47	352.351	
0.199301	0.236605	1.36225	0.98141	0.0761304	0.578413	1003.14	15.7015	
0.200658	0.237905	1.40746	0.98039	0.112835	0.60435	992.282	-38.5902	
0.199283	0.265163	1.32007	0.938079	-0.129735	0.487526	1072.82	364.091	
0.200483	0.265215	1.36224	1.00168	-0.0934319	0.57301	1002.84	14.1757	
0.20165	0.266157	1.40715	0.988621	-0.0534836	0.590872	990.324	-48.3795	
0.258651	0.176504	1.31784	1.08347	0.094808	0.48473	1081.62	408.093	
0.255948	0.178229	1.3605	1.05298	0.160929	0.557263	1026.4	131.982	
0.251798	0.180689	1.40591	0.964915	0.179633	0.583403	1009.99	49.9471	
0.256603	0.205635	1.31924	1.03854	0.0596588	0.520882	1086.17	430.827	
0.255613	0.207523	1.36208	1.05413	0.135143	0.583186	1030.01	150.067	
0.252847	0.209783	1.40704	1.00507	0.152858	0.591148	1019.81	99.0654	
0.258398	0.233836	1.31998	1.06181	-0.0319076	0.534015	1090.38	451.9	
0.257021	0.235027	1.36264	1.06899	0.0259653	0.587422	1042.8	214.019	
0.253968	0.237019	1.40735	1.01364	0.0484465	0.583699	1044.67	223.353	
0.258852	0.262162	1.31979	1.09664	-0.158965	0.512481	1100.55	502.772	
0.257314	0.263057	1.36246	1.09397	-0.113332	0.57525	1052.29	261.43	
0.25442	0.264917	1.40695	1.03103	-0.0635867	0.56756	1055.03	275.15	
0.18973	0.155764	1.44936	0.739694	0.289367	0.51685	938.667	-306.667	
0.185417	0.154572	1.50101	0.53775	0.176495	0.467632	959.099	-204.505	
0.2923	0.154518	1.44406	0.798698	0.0277844	0.456142	936.612	-316.938	
0.238722	0.153417	1.44807	0.79575	0.0740863	0.496607	1012.93	64.6459	
0.185447	0.157707	1.5493	0.463812	0.137094	0.229054	953.598	-232.009	
0.233793	0.151264	1.49796	0.666254	0.0322937	0.505088	1081	404.98	
0.196332	0.182859	1.45386	0.789805	0.255493	0.551784	974.455	-127.725	
0.19872	0.212272	1.45344	0.818803	0.233916	0.560199	980.868	-95.661	
0.200012	0.240056	1.45304	0.810528	0.126937	0.547687	1001.55	7.76828	
0.200104	0.267889	1.45266	0.798827	-0.0303818	0.533395	1004.65	23.2305	
0.246622	0.182228	1.45246	0.860324	0.147713	0.547796	1007.85	39.2565	
0.247737	0.211456	1.45333	0.901773	0.0975274	0.577902	1031.45	157.252	
0.248743	0.239146	1.45333	0.919735	0.0268321	0.572516	1067.65	338.231	
0.249249	0.266909	1.45288	0.936763	-0.0367377	0.561566	1081.67	408.331	
0.191465	0.18247	1.5041	0.578321	0.189804	0.480711	985.138	-74.3086	
0.193468	0.211475	1.50463	0.610103	0.158995	0.503651	994.881	-25.5956	
0.193675	0.238866	1.50447	0.583616	0.0797588	0.493254	1017.63	88.1276	
0.19291	0.267043	1.50398	0.56086	-0.00863713	0.471699	1025.47	127.368	
0.230054	0.153076	1.54835	0.521562	0.0693053	0.416674	982.964	-85.1824	
0.283527	0.1518	1.49283	0.741147	0.00174921	0.441719	966.186	-169.072	
0.18935	0.182577	1.55326	0.476078	0.0940296	0.313712	974.144	-129.282	
0.19088	0.212889	1.55428	0.502412	0.0680629	0.401595	988.011	-59.9466	
0.190935	0.240756	1.5545	0.48421	0.00998217	0.448009	1017.72	88.6235	
0.190121	0.269789	1.55482	0.485955	-0.0126657	0.44089	1027.24	136.18	
0.273795	0.153501	1.53552	0.661205	0.0962219	0.440111	959.951	-200.246	
0.241229	0.182909	1.50153	0.722786	0.146186	0.546414	1015.99	79.9592	
0.236759	0.183487	1.55322	0.619505	0.114694	0.479777	963.904	-180.481	
0.242552	0.21147	1.50259	0.779212	0.0638877	0.591145	1010.69	53.4645	
0.23919	0.212721	1.55476	0.703993	0.0450065	0.55256	964.959	-175.206	
0.243202	0.23868	1.50295	0.801614	-0.00637217	0.606986	1028.01	140.066	
0.239607	0.240594	1.55561	0.73631	-0.00267092	0.60367	973.011	-134.947	
0.242804	0.266556	1.50315	0.810783	-0.0369992	0.604747	1032.38	161.898	
0.239559	0.269288	1.55615	0.750481	-0.00664773	0.611737	964.849	-175.755	
0.292736	0.182493	1.49861	0.839061	0.0630846	0.552983	942.378	-288.11	
0.281746	0.182755	1.54079	0.712394	0.094234	0.472859	925.504	-372.482	
0.296789	0.211934	1.50106	0.960451	0.00826323	0.623488	962.941	-185.296	
0.285974	0.212491	1.54332	0.811441	0.0207675	0.549197	929.422	-352.889	
0.298314	0.239821	1.50107	1.02927	-0.0239735	0.637256	973.026	-134.872	
0.287666	0.23995	1.54425	0.886328	-0.0426296	0.611512	929.08	-354.602	
0.298181	0.269094	1.49996	1.05131	-0.00552497	0.610571	972.944	-135.278	
0.287721	0.270169	1.544	0.91672	-0.0138745	0.623179	925.808	-370.962	
0.166204	0.399711	1.01222	0.610251	-0.138937	0.0760612	1358.46	1792.32	
0.16949	0.402071	1.0439	0.642838	-0.182455	0.0487492	1350.89	1754.45	
0.168793	0.40207	1.0767	0.628498	-0.173088	0.017225	1349.81	1749.03	
0.180856	0.297527	1.01447	0.672609	-0.222826	0.0429481	1174.31	871.528	
0.178925	0.32909	1.01401	0.712412	-0.305675	0.0557624	1186.24	931.222	
0.173134	0.359732	1.01346	0.651639	-0.310596	0.0857987	1178.61	893.037	
0.184582	0.362754	1.04756	0.854602	-0.331658	0.0375921	1143.34	716.695	
0.185498	0.364177	1.08015	0.868189	-0.307755	0.0298231	1160.49	802.44	
0.188938	0.365562	1.1137	0.911269	-0.278657	0.0274544	1184.1	920.518	
0.169149	0.398659	1.11019	0.609165	-0.264695	0.0232952	1284.68	1423.39	
0.192352	0.297126	1.04833	0.889266	-0.298279	0.00867859	1239.15	1195.73	
0.192692	0.298392	1.08047	0.884563	-0.280983	0.0291272	1271.72	1358.61	
0.193271	0.298884	1.11311	0.854114	-0.25255	0.0193878	1264.54	1322.72	
0.185267	0.327727	1.04846	0.773673	-0.366429	0.0324719	1216.66	1083.32	
0.184163	0.329237	1.08044	0.730151	-0.337772	0.0310716	1231.05	1155.24	
0.186341	0.330396	1.11276	0.749219	-0.310903	0.0319095	1214.8	1073.99	
0.238161	0.292247	1.00809	0.947546	-0.251422	-0.238088	1119.19	595.93	
0.255534	0.293354	1.0415	1.1105	-0.278981	-0.18881	1253.86	1269.3	
0.256291	0.292889	1.07617	1.12896	-0.292854	-0.108219	1254.2	1270.99	
0.254213	0.29383	1.10925	1.05281	-0.272011	-0.111381	1287.24	1436.2	
0.235183	0.322541	1.00951	0.936605	-0.301556	-0.163876	1096.72	483.614	
0.251392	0.324434	1.04247	1.05022	-0.302959	-0.140864	1213.63	1068.15	
0.250776	0.323555	1.07636	1.02592	-0.314006	-0.0835205	1216.39	1081.93	
0.251041	0.326483	1.10881	1.02165	-0.256589	-0.0887711	1219.91	1099.56	
0.23123	0.355686	1.01088	0.881882	-0.217855	-0.0791733	1058.82	294.092	
0.245157	0.358382	1.04327	0.948949	-0.195113	-0.0897116	1124.14	620.683	
0.245329	0.358197	1.07661	0.964022	-0.203628	-0.040963	1108.24	541.219	
0.246624	0.360937	1.10964	0.989502	-0.166794	-0.0296074	1109.15	545.762	
0.217221	0.393104	1.01209	0.711261	-0.124749	0.0135131	1090.99	454.941	
0.22528	0.397118	1.04211	0.743625	-0.111394	-0.0178833	1129.17	645.872	
0.225274	0.39567	1.07459	0.776731	-0.121326	-0.016275	1096.16	480.819	
0.224574	0.398477	1.10835	0.749885	-0.116355	-0.00453716	1142.5	712.525	
0.290447	0.289304	0.996764	0.983095	-0.180962	-0.337999	1002.16	10.812	
0.290071	0.321184	0.999337	0.993695	-0.163537	-0.255469	986.95	-65.2511	
0.284566	0.354328	1.00173	0.864714	-0.0996964	-0.157046	985.858	-70.7109	
0.267184	0.392793	1.00262	0.659507	-0.0555952	-0.0273456	921.041	-394.795	
0.279127	0.394983	1.03799	0.726432	-0.0516676	-0.0784245	1027	135.017	
0.282797	0.395541	1.07363	0.798955	-0.0528785	-0.034943	986.253	-68.7338	
0.282212	0.396826	1.10763	0.826922	-0.0527775	-0.0272369	1018.05	90.2701	
0.190997	0.362854	1.14551	0.922404	-0.295391	0.0519115	1184.05	920.272	
0.19049	0.364099	1.17727	0.917648	-0.263423	0.0750212	1183.95	919.76	
0.191349	0.363361	1.20949	0.930116	-0.258643	0.118907	1171.22	856.116	
0.192059	0.362571	1.24295	0.942014	-0.270371	0.181707	1140.18	700.921	
0.192531	0.361595	1.27905	0.939738	-0.303995	0.276994	1059.41	297.073	
0.17199	0.397488	1.14359	0.649653	-0.230178	0.0385296	1240.3	1201.5	
0.170719	0.397915	1.17618	0.630122	-0.216623	0.0604633	1242.28	1211.39	
0.171793	0.397418	1.20939	0.65296	-0.203383	0.101543	1216.25	1081.27	
0.172758	0.396542	1.24284	0.68009	-0.214531	0.142624	1169.19	845.947	
0.173778	0.395894	1.27766	0.696784	-0.24501	0.208537	1094.71	473.542	
0.194934	0.296024	1.14567	0.85121	-0.277741	0.0467597	1269.68	1348.42	
0.195245	0.296649	1.17764	0.86257	-0.266448	0.076696	1278.44	1392.19	
0.196234	0.296339	1.21041	0.878534	-0.261505	0.147576	1265.5	1327.49	
0.197282	0.296061	1.24428	0.895918	-0.260764	0.232788	1232.65	1163.26	
0.198224	0.295644	1.28048	0.91199	-0.265722	0.343649	1154.43	772.137	
0.18658	0.326992	1.1453	0.702263	-0.333794	0.0535912	1217.77	1088.84	
0.185461	0.32761	1.17771	0.680979	-0.304512	0.0797075	1216.81	1084.03	
0.186878	0.327217	1.21074	0.708344	-0.29896	0.149884	1207.55	1037.75	
0.188596	0.326696	1.24467	0.745951	-0.303446	0.23643	1174.23	871.157	
0.191636	0.326533	1.27962	0.822662	-0.319832	0.322924	1107.04	535.205	
0.258963	0.290924	1.14197	1.0905	-0.297593	-0.0655622	1298.5	1492.49	
0.258604	0.290385	1.17417	1.08979	-0.310923	0.00542417	1314.02	1570.1	
0.260344	0.290637	1.20754	1.11972	-0.295952	0.118895	1288.98	1444.89	
0.261137	0.29106	1.24222	1.13136	-0.264727	0.251238	1244.82	1224.1	
0.26027	0.291678	1.2793	1.1244	-0.231409	0.368906	1160.23	801.167	
0.253855	0.322187	1.14181	1.00131	-0.283638	-0.0482255	1242.27	1211.34	
0.25389	0.322081	1.174	1.00025	-0.28891	0.0127681	1250.96	1254.78	
0.255256	0.322078	1.20706	1.02201	-0.274534	0.115196	1229.25	1146.23	
0.256593	0.322112	1.24137	1.05328	-0.253201	0.23439	1185.54	927.705	
0.257027	0.323395	1.27709	1.0944	-0.221604	0.322527	1094.66	473.293	
0.250837	0.357618	1.14252	1.01537	-0.153045	-0.00138274	1111.91	559.556	
0.249304	0.357676	1.17407	0.99399	-0.149385	0.0424783	1113.17	565.831	
0.250386	0.357603	1.20686	1.00307	-0.131643	0.121445	1094.48	472.405	
0.250994	0.357215	1.24086	1.00855	-0.124653	0.222978	1066.28	331.396	
0.250762	0.357733	1.27673	1.02254	-0.12378	0.311319	1008.35	41.736	
0.2307	0.396765	1.14207	0.806991	-0.0768884	0.0213206	1110.42	552.075	
0.228784	0.397442	1.17404	0.788263	-0.0566173	0.0527141	1112.32	561.608	
0.230009	0.396952	1.20742	0.802418	-0.0507323	0.117774	1087.68	438.394	
0.230425	0.395902	1.24116	0.812764	-0.0648102	0.19844	1045.11	225.555	
0.229427	0.395049	1.2772	0.812604	-0.117948	0.287245	989.513	-52.4366	
0.287744	0.396042	1.14167	0.860465	-0.0190924	0.0100426	1017.69	88.448	
0.287334	0.395837	1.17419	0.86951	-0.00719443	0.0699175	1012.1	60.5043	
0.288007	0.395044	1.20723	0.871778	-0.0151981	0.146586	989.664	-51.6808	
0.288256	0.39349	1.24109	0.866731	-0.0568711	0.229305	950.793	-246.036	
0.286547	0.391599	1.27632	0.861325	-0.143152	0.277537	892.195	-539.027	
0.194587	0.356664	1.35801	0.944884	-0.34534	0.444137	946.707	-266.466	
0.193145	0.354833	1.40204	0.914213	-0.298585	0.501785	917.892	-410.539	
0.177191	0.395669	1.31512	0.710074	-0.280057	0.283763	999.068	-4.66145	
0.176924	0.392061	1.35468	0.772275	-0.285625	0.36595	901.829	-490.857	
0.17839	0.390032	1.39563	0.795286	-0.293207	0.421316	841.388	-793.062	
0.200772	0.2937	1.32031	0.949752	-0.304327	0.494054	1068.19	340.967	
0.201879	0.293745	1.36203	1.00828	-0.258359	0.565812	998.807	-5.96452	
0.202028	0.294532	1.40691	0.974011	-0.207846	0.577346	985.757	-71.214	
0.198102	0.324293	1.31931	0.94495	-0.356163	0.456902	1046.38	231.916	
0.197609	0.323203	1.36125	1.00216	-0.318236	0.548455	971.339	-143.306	
0.199406	0.323829	1.40646	0.989354	-0.225908	0.572063	956.597	-217.015	
0.190447	0.354274	1.31874	0.910865	-0.336458	0.396503	975.185	-124.077	
0.262677	0.290924	1.31979	1.12842	-0.215573	0.512642	1070.11	350.531	
0.260309	0.291165	1.36183	1.10194	-0.174125	0.557879	1022.23	111.138	
0.255888	0.292551	1.40639	1.01058	-0.128452	0.560801	1019.89	99.4516	
0.259472	0.321887	1.31777	1.09883	-0.201498	0.465121	1012.98	64.9089	
0.257114	0.321353	1.35979	1.05991	-0.189847	0.509155	964.027	-179.863	
0.252111	0.321605	1.40459	0.951292	-0.183398	0.519101	972.393	-138.037	
0.25209	0.356385	1.31631	0.982889	-0.0869829	0.415845	962.716	-186.422	
0.249704	0.35532	1.35671	0.947047	-0.0736081	0.439346	953.939	-230.304	
0.2457	0.355118	1.40064	0.85288	-0.0632993	0.445403	1019.41	97.0335	
0.231778	0.391429	1.31502	0.792568	-0.154542	0.355664	891.331	-543.347	
0.22977	0.389054	1.35318	0.766148	-0.231829	0.363122	863.82	-680.901	
0.22788	0.385481	1.39452	0.70313	-0.32641	0.368173	856.149	-719.256	
0.285728	0.387362	1.31459	0.752755	-0.265944	0.345103	843.472	-782.639	
0.280755	0.383459	1.35117	0.626326	-0.380403	0.266303	799.054	-1004.73	
0.275969	0.379474	1.39315	0.553152	-0.466427	0.333979	846.471	-767.647	
0.274943	0.375821	1.42952	0.678244	-0.511548	0.139468	904.662	-476.69	
0.179018	0.388295	1.43978	0.705734	-0.372626	0.374958	804.485	-977.574	
0.222541	0.382671	1.4371	0.544333	-0.380088	0.312126	884.368	-578.162	
0.291837	0.354061	1.43815	0.739938	-0.0595516	0.255768	991.273	-43.6375	
0.175347	0.383723	1.48817	0.450978	-0.426318	0.366786	843.425	-782.877	
0.200275	0.294965	1.45324	0.805584	-0.182816	0.519974	994.515	-27.4264	
0.197319	0.324403	1.45126	0.77638	-0.220021	0.471245	963.293	-183.536	
0.191604	0.35555	1.44781	0.721121	-0.0866956	0.407207	956.828	-215.859	
0.24978	0.294122	1.45252	0.908561	-0.0666157	0.53665	1039.49	197.471	
0.245635	0.323024	1.44963	0.82659	-0.137851	0.453469	986.017	-69.9171	
0.239036	0.35651	1.44477	0.708721	-0.0306843	0.320991	1070.48	352.406	
0.193641	0.29481	1.50402	0.574136	-0.09788	0.456893	1011.59	57.9387	
0.191253	0.323703	1.5022	0.545512	-0.154335	0.398	978.45	-107.748	
0.185849	0.356168	1.49789	0.426823	-0.0167329	0.32764	1041.42	207.084	
0.174074	0.381492	1.53102	0.291056	-0.509038	0.00500151	862.27	-688.651	
0.190297	0.297943	1.55363	0.481977	-0.0415617	0.371972	1007.66	38.2979	
0.188467	0.328226	1.55073	0.434363	-0.082029	0.24397	996.045	-19.7775	
0.185495	0.356416	1.54463	0.31969	-0.0456929	0.0994743	1025.54	127.69	
0.243748	0.294266	1.50232	0.772765	-0.0380449	0.563364	1013	65.0083	
0.239592	0.297377	1.55444	0.693386	-0.00573702	0.532092	951.125	-244.374	
0.240232	0.322588	1.49927	0.709432	-0.113064	0.477509	980.746	-96.2713	
0.236825	0.32636	1.55062	0.632898	-0.0774822	0.40231	945.919	-270.405	
0.233383	0.35527	1.49378	0.58077	-0.0973017	0.360878	1129.36	646.777	
0.230702	0.357269	1.5444	0.488478	-0.104612	0.314492	997.334	-13.3289	
0.217476	0.38275	1.48246	0.382029	-0.28759	0.259568	936.187	-319.064	
0.213375	0.381385	1.52879	0.222443	-0.326004	0.199715	931.331	-343.344	
0.296652	0.297944	1.49935	0.949803	0.0315092	0.570959	949.699	-251.504	
0.285543	0.29888	1.54231	0.807338	0.0162079	0.534538	920.739	-396.307	
0.29139	0.326753	1.49603	0.786765	-0.0459977	0.487277	923.653	-381.737	
0.28084	0.3286	1.53842	0.660199	-0.0669096	0.399571	921.544	-392.28	
0.282061	0.356463	1.48923	0.663695	-0.108338	0.327895	969.509	-152.454	
0.273167	0.356114	1.53242	0.578814	-0.193257	0.336163	959.402	-202.991	
0.264209	0.377923	1.47777	0.519089	-0.329834	0.248121	901.869	-490.655	
0.259088	0.377877	1.52085	0.502709	-0.246015	0.281021	945.697	-271.515	
0.303801	0.114499	0.965252	0.403324	0.0157792	-0.176123	1015.4	76.9972	
0.374658	0.113578	0.965571	0.444136	-0.12412	-0.0550668	1119.04	595.184	
0.396219	0.11517	0.941345	0.319327	-0.0910424	0.299881	959.584	-202.082	
0.438079	0.119676	0.94957	0.218539	0.0290124	0.191863	967.607	-161.963	
0.305695	0.137809	1.10761	1.11869	-0.15182	-0.129219	1177.44	887.181	
0.316037	0.109775	1.00894	0.672956	-0.0490131	-0.206496	1227.64	1138.21	
0.326629	0.140299	1.01024	0.898062	-0.0958649	-0.236377	1143.98	719.878	
0.354881	0.111559	0.991124	0.575251	-0.149584	-0.0681228	1153.93	769.659	
0.369944	0.141469	0.998514	0.829153	-0.204444	0.093065	1118.91	594.565	
0.308774	0.137285	1.14021	1.16051	-0.170471	-0.0623177	1196.86	984.277	
0.303338	0.138461	1.17188	1.03658	-0.132473	0.00226925	1215.49	1077.44	
0.305062	0.139202	1.20537	1.06436	-0.138484	0.107089	1192.23	961.153	
0.305932	0.140988	1.23944	1.07093	-0.0999065	0.206324	1153.59	767.938	
0.308068	0.142848	1.27598	1.1045	-0.0455675	0.316303	1061.65	308.264	
0.32248	0.146548	0.967592	0.651952	-0.024981	-0.318434	996.717	-16.4158	
0.389423	0.142722	0.975501	0.71076	-0.236121	0.0847482	1207.15	1035.76	
0.406764	0.143233	0.945466	0.444121	-0.281387	0.0824711	1101.88	509.421	
0.325823	0.175564	0.965033	0.742138	-0.0428083	-0.325097	1011.04	55.1998	
0.329505	0.206162	0.965481	0.78975	-0.0746029	-0.36877	1019.31	96.5446	
0.330509	0.235411	0.966079	0.796206	-0.111824	-0.410227	1014.53	72.6502	
0.331055	0.265594	0.96673	0.789058	-0.111083	-0.395789	1003.7	18.496	
0.391159	0.175235	0.97529	0.71644	-0.176185	0.0751556	1260.1	1300.5	
0.394923	0.206773	0.978053	0.793661	-0.165813	0.145156	1307.65	1538.23	
0.395745	0.237265	0.9794	0.792439	-0.127671	0.166767	1333.15	1665.77	
0.395373	0.267039	0.981946	0.766749	-0.102356	0.239044	1321.8	1609	
0.410383	0.175982	0.946436	0.509114	-0.109887	0.0225914	1075.07	375.329	
0.412237	0.207703	0.946975	0.529569	-0.101728	-0.0548675	1094.89	474.462	
0.413182	0.238372	0.947523	0.511743	-0.0767784	-0.115806	1123.16	615.795	
0.413593	0.269212	0.949576	0.514597	-0.0350974	-0.078891	1138.19	690.942	
0.310489	0.171045	1.03791	1.10742	-0.0472205	-0.262496	1244.89	1224.44	
0.312569	0.167014	1.10687	1.17494	-0.219454	-0.125987	1297.51	1487.57	
0.305762	0.199463	1.03782	1.01625	-0.107294	-0.316977	1253.27	1266.35	
0.314648	0.198114	1.07319	1.22071	-0.143625	-0.228849	1277.62	1388.11	
0.310288	0.198233	1.10571	1.08711	-0.235414	-0.200148	1306.16	1530.78	
0.306942	0.228418	1.03969	1.00463	-0.197896	-0.280267	1263.63	1318.15	
0.303281	0.25841	1.03938	0.964689	-0.228126	-0.311976	1238.93	1194.67	
0.311152	0.25905	1.07385	1.14655	-0.192906	-0.237751	1264.64	1323.21	
0.306911	0.260557	1.10682	1.02553	-0.17971	-0.167704	1272.54	1362.72	
0.318065	0.167777	1.07282	1.15691	-0.166539	-0.238289	1187.88	939.379	
0.312433	0.226944	1.07351	1.02501	-0.265329	-0.236022	1267.61	1338.03	
0.310524	0.228153	1.10553	1.00799	-0.285326	-0.231413	1304.98	1524.91	
0.333849	0.170131	1.00263	0.974267	-0.148811	-0.364482	1258.41	1292.06	
0.335039	0.20071	1.00533	1.01015	-0.167537	-0.327353	1263.78	1318.9	
0.334334	0.229851	1.00593	0.991914	-0.209881	-0.311436	1273.57	1367.86	
0.333725	0.259573	1.00782	0.968172	-0.195434	-0.248327	1264.59	1322.96	
0.376696	0.172651	1.00049	0.987773	-0.216283	0.101808	1146.17	730.828	
0.378289	0.203791	1.00063	1.00093	-0.236478	0.135113	1197.12	985.586	
0.377755	0.23469	1.00142	0.959214	-0.196088	0.176642	1226.66	1133.31	
0.375633	0.265782	1.00613	0.909162	-0.150071	0.303588	1186.1	930.505	
0.321008	0.166606	1.13836	1.32252	-0.238079	-0.125933	1288.44	1442.19	
0.323985	0.166177	1.17102	1.40483	-0.25149	-0.0525904	1282.94	1414.68	
0.323848	0.166817	1.20405	1.38134	-0.240996	0.0532745	1270.84	1354.21	
0.32438	0.168436	1.2392	1.37478	-0.195122	0.199333	1219.95	1099.75	
0.317597	0.170652	1.27603	1.21542	-0.1202	0.339333	1158.77	793.854	
0.313759	0.195072	1.1387	1.10146	-0.32676	-0.139228	1336.9	1684.52	
0.314614	0.193911	1.17182	1.10534	-0.363613	-0.0480678	1348.85	1744.27	
0.315841	0.194822	1.20542	1.11623	-0.338893	0.0793908	1333.82	1669.08	
0.317537	0.196675	1.24028	1.14824	-0.280109	0.227337	1283.33	1416.63	
0.317081	0.200557	1.27711	1.16313	-0.155736	0.374603	1170.34	851.714	
0.316071	0.224448	1.13928	1.14002	-0.375185	-0.145926	1324.59	1622.94	
0.317392	0.223717	1.17237	1.16419	-0.407684	-0.0404873	1345.32	1726.62	
0.318282	0.22458	1.2057	1.16564	-0.377262	0.0796324	1328.91	1644.57	
0.31961	0.226171	1.24062	1.18522	-0.319044	0.229429	1285.87	1429.35	
0.318659	0.229391	1.27769	1.17639	-0.204871	0.383751	1178.32	891.606	
0.315902	0.253862	1.14006	1.15623	-0.412717	-0.113673	1303.23	1516.17	
0.31118	0.252963	1.1722	1.01629	-0.434715	-0.0396456	1310.67	1553.37	
0.31341	0.253804	1.20621	1.04973	-0.403095	0.0996837	1296.86	1484.29	
0.31567	0.255469	1.24116	1.09386	-0.339388	0.25351	1261.25	1306.25	
0.316015	0.258409	1.27784	1.13666	-0.228257	0.400179	1158.45	792.231	
0.322523	0.287252	1.13979	1.28414	-0.24692	-0.111378	1217.3	1086.5	
0.323881	0.286491	1.17201	1.28275	-0.272661	-0.0422816	1223.86	1119.32	
0.324249	0.286739	1.20518	1.2711	-0.252218	0.0754462	1210.39	1051.95	
0.325166	0.288098	1.2403	1.27789	-0.198101	0.228527	1167.81	839.034	
0.307858	0.147161	1.31577	1.05766	0.0620511	0.451972	991.503	-42.487	
0.303313	0.15086	1.35698	0.977508	0.147419	0.513001	929.307	-353.463	
0.308305	0.179158	1.40657	0.975251	0.046156	0.600055	975.115	-124.424	
0.310991	0.208968	1.40843	1.07163	0.0442747	0.617121	994.143	-29.2847	
0.319017	0.173817	1.31778	1.16571	-0.0574232	0.537522	1053.91	269.571	
0.314981	0.176154	1.36038	1.08285	0.0105972	0.569455	979.86	-100.701	
0.318223	0.202766	1.31942	1.15802	-0.0939739	0.559871	1073.77	368.856	
0.316176	0.205613	1.36238	1.14322	0.0032515	0.605944	999.34	-3.30142	
0.319726	0.230786	1.32018	1.17155	-0.148252	0.567527	1076.53	382.667	
0.317628	0.233485	1.36308	1.16302	-0.0484496	0.614909	1006.72	33.6161	
0.312765	0.236468	1.40891	1.12371	-0.0105636	0.609979	1013.1	65.5091	
0.319973	0.259747	1.31972	1.20063	-0.154165	0.549162	1065.88	329.382	
0.317714	0.262408	1.3625	1.1851	-0.0606768	0.602131	998.233	-8.83483	
0.313036	0.26563	1.40813	1.12839	-0.00673821	0.587326	1010.25	51.2497	
0.301061	0.18063	1.44944	0.928405	0.0120853	0.50797	946.939	-265.306	
0.304803	0.211247	1.45121	1.04418	0.00956776	0.569165	966.047	-169.767	
0.30646	0.239134	1.45149	1.10129	-0.0100933	0.587525	989.965	-50.1744	
0.306677	0.268741	1.45046	1.09952	0.0237181	0.568125	990.947	-45.2639	
0.303675	0.395601	0.971501	0.412374	-0.00582026	0.0129826	921.822	-390.889	
0.323406	0.361486	0.974958	0.641326	-0.0287644	-0.17223	1012.03	60.1502	
0.330204	0.296361	0.967717	0.771332	-0.0949533	-0.290576	975.386	-123.071	
0.328861	0.328209	0.972138	0.765811	-0.0971658	-0.159836	966.141	-169.295	
0.350891	0.394399	0.988283	0.449333	0.0572996	-0.0189318	1015.63	78.1738	
0.394219	0.29811	0.978262	0.711552	-0.0106696	0.106475	1281	1405	
0.39257	0.33153	0.980832	0.692799	0.117178	0.198526	1186.96	934.815	
0.387942	0.36736	0.979584	0.619482	0.198495	0.144632	1151.03	755.163	
0.374111	0.395313	0.965922	0.444427	0.116201	0.0328379	1043.1	215.482	
0.413382	0.300706	0.949248	0.51694	0.0670715	-0.0489442	1091.71	458.531	
0.410921	0.332922	0.951079	0.482191	0.117855	0.100794	1031.63	158.162	
0.406364	0.369102	0.948383	0.383844	0.29544	0.112234	1068.27	341.334	
0.397435	0.397105	0.944248	0.357576	0.111449	0.386041	952.292	-238.538	
0.438664	0.389565	0.947505	0.275233	0.00330965	0.213512	973.629	-131.857	
0.31195	0.28917	1.04031	1.09067	-0.192816	-0.244541	1200.98	1004.92	
0.308075	0.32275	1.04171	1.05761	-0.0940287	-0.191666	1137.09	685.448	
0.305099	0.359972	1.04527	0.947752	-0.0392752	-0.0564556	1037.37	186.871	
0.303375	0.395137	1.00402	0.539187	-0.00939612	-0.166466	1124.99	624.96	
0.321808	0.290455	1.07458	1.28421	-0.175919	-0.195498	1171.67	858.353	
0.316279	0.290899	1.10706	1.16979	-0.185987	-0.171955	1229.2	1146.01	
0.315553	0.324823	1.07565	1.15673	-0.0664488	-0.143967	1129.88	649.381	
0.313193	0.327334	1.10674	1.14285	-0.0476062	-0.13923	1139.64	698.184	
0.310889	0.362322	1.07744	1.00549	-0.0064348	-0.0572177	990.501	-47.4946	
0.311975	0.36418	1.10844	1.06115	-0.00782508	-0.0679579	999.347	-3.26605	
0.33507	0.291882	1.00476	0.962797	-0.132505	-0.298759	1253.42	1267.12	
0.332705	0.327103	1.00982	0.888439	-0.0243644	-0.20499	1187.8	938.991	
0.325295	0.36234	1.01369	0.73796	0.0205075	-0.116485	1113.37	566.867	
0.376588	0.298216	1.00155	0.892672	0.000490577	0.160558	1180.91	904.569	
0.373689	0.332436	1.00226	0.813041	0.0982829	0.0988779	1090.76	453.816	
0.367064	0.367508	0.999431	0.681017	0.165258	0.0331569	1075.32	376.59	
0.32247	0.289715	1.27789	1.23073	-0.133954	0.387707	1084.55	422.759	
0.318246	0.323371	1.13957	1.18249	-0.0688935	-0.0895493	1136.34	681.722	
0.319225	0.322502	1.17195	1.18243	-0.0814549	-0.0170687	1143.88	719.404	
0.320119	0.322592	1.20504	1.18549	-0.0654276	0.0950852	1129.45	647.258	
0.321383	0.323226	1.23973	1.19786	-0.0377284	0.229549	1094.02	470.099	
0.319746	0.325233	1.27591	1.1814	0.00176066	0.360001	1016.07	80.334	
0.314872	0.360937	1.14135	1.0874	0.0155375	-0.0285631	1004.53	22.6253	
0.31513	0.361048	1.17323	1.08719	0.018471	0.0484909	1003.34	16.724	
0.315109	0.360447	1.20612	1.07375	0.032846	0.14986	991.509	-42.455	
0.314836	0.360132	1.24066	1.04822	0.0422346	0.275984	969.446	-152.77	
0.312453	0.359943	1.27673	0.994243	0.0216984	0.38586	918.828	-405.86	
0.304362	0.352741	1.35344	0.726572	-0.167726	0.331529	869.567	-652.164	
0.298218	0.352555	1.39902	0.694332	-0.140581	0.388721	958.041	-209.797	
0.323481	0.290485	1.319	1.20753	-0.0708504	0.535286	996.39	-18.0513	
0.320066	0.29165	1.36111	1.1432	-0.0258406	0.555974	940.438	-297.808	
0.313625	0.294219	1.40682	1.06799	0.00700297	0.549237	958.307	-208.464	
0.319781	0.324983	1.31713	1.1131	0.0478197	0.498489	953.109	-234.455	
0.315984	0.325388	1.35843	1.0341	0.0850429	0.494461	910.649	-446.754	
0.30852	0.325893	1.40358	0.910586	0.0381024	0.46659	946.935	-265.326	
0.309931	0.358187	1.31628	0.865395	0.0402525	0.452664	888.14	-559.299	
0.305685	0.296758	1.44897	1.02807	0.0201038	0.493274	943.989	-280.056	
0.300577	0.328593	1.44429	0.853843	-0.00953228	0.327177	931.306	-343.472	
0.565956	0.118493	0.875545	0.202416	0.0556147	0.545708	894.128	-529.36	
0.467185	0.120181	0.927264	0.22665	0.103595	0.299592	909.847	-450.765	
0.496662	0.118262	0.89758	0.302629	0.0483228	0.541391	851.433	-742.834	
0.535945	0.122477	0.899942	0.116559	0.0730288	0.291417	950.064	-249.681	
0.446528	0.145741	0.960218	0.422058	-0.16613	0.278242	1036.12	180.621	
0.450335	0.177017	0.966147	0.532438	-0.115662	0.385336	1017.02	85.1122	
0.452616	0.207814	0.968798	0.624897	-0.149815	0.489236	1057.11	285.535	
0.454058	0.237936	0.970785	0.664892	-0.121823	0.570651	1089.03	445.174	
0.454386	0.268866	0.971922	0.666347	-0.0499297	0.591545	1080.57	402.827	
0.570885	0.145249	0.884316	0.211385	-0.187151	0.454114	1023.01	115.069	
0.502757	0.145193	0.905662	0.235649	-0.228396	0.448645	1009.08	45.383	
0.473502	0.145703	0.936206	0.292363	-0.168963	0.336549	1002.97	14.8719	
0.541177	0.146524	0.91108	0.183711	-0.198639	0.427014	1037.76	188.784	
0.573784	0.179324	0.889456	0.272137	-0.00559423	0.559954	972.099	-139.506	
0.575696	0.210585	0.893329	0.294646	-0.0259623	0.602454	1018.44	92.1823	
0.576387	0.239879	0.895113	0.293707	-0.0332336	0.583937	1055.9	279.493	
0.576766	0.270049	0.895826	0.293038	-0.022462	0.580543	1057.79	288.93	
0.476704	0.178444	0.941038	0.391287	-0.0813427	0.443225	1002.16	10.8238	
0.479466	0.209246	0.943854	0.463763	-0.0985865	0.492654	1050.54	252.697	
0.480371	0.238756	0.9454	0.492187	-0.0891843	0.500554	1093.34	466.688	
0.48056	0.268655	0.94645	0.484141	-0.0440165	0.5209	1092.66	463.3	
0.505178	0.178067	0.910169	0.290256	-0.0645064	0.526304	984.11	-79.4505	
0.50673	0.209202	0.913813	0.302712	-0.0642016	0.546071	1028.74	143.675	
0.507417	0.238927	0.915439	0.271119	-0.0576663	0.523047	1068.06	340.288	
0.507755	0.269146	0.916415	0.25791	-0.028514	0.524154	1069.67	348.374	
0.544178	0.177861	0.917662	0.24395	-0.0924192	0.541583	1011.57	57.8387	
0.545929	0.209077	0.921248	0.302974	-0.134791	0.644542	1046.31	231.554	
0.547042	0.238888	0.923525	0.33352	-0.0976742	0.701621	1081.79	408.969	
0.54764	0.269994	0.925039	0.345699	-0.0238419	0.738742	1077.13	385.664	
0.453679	0.300692	0.970556	0.623637	0.0837167	0.512099	1047.45	237.266	
0.450764	0.333087	0.967479	0.512659	0.125677	0.3553	983.612	-81.938	
0.447063	0.366805	0.960419	0.401994	0.186902	0.235323	1032.93	164.636	
0.576306	0.300206	0.895658	0.28769	0.0299984	0.600012	1026.08	130.416	
0.575534	0.33079	0.893652	0.28394	0.0336689	0.603429	946.325	-268.374	
0.571582	0.367811	0.886165	0.206745	0.2285	0.434304	982.175	-89.1257	
0.566647	0.393797	0.878232	0.23563	-0.0304864	0.628022	879.053	-604.736	
0.480113	0.299767	0.945905	0.45474	0.0715692	0.496269	1051.65	258.26	
0.478292	0.330766	0.9444	0.39009	0.0923892	0.466846	970.06	-149.702	
0.472787	0.366635	0.93865	0.252441	0.202429	0.30157	1001.29	6.45594	
0.467947	0.389952	0.927857	0.308359	-0.0789016	0.395395	889.122	-554.389	
0.507978	0.299966	0.915961	0.292894	0.053007	0.537937	1031.8	158.977	
0.506843	0.331456	0.91445	0.320377	0.0886478	0.559545	949.604	-251.981	
0.503574	0.368545	0.907453	0.247154	0.298877	0.424093	976.509	-117.456	
0.49892	0.394946	0.900197	0.369484	0.0184134	0.644352	865.45	-672.751	
0.54681	0.30138	0.923604	0.304782	0.12338	0.663165	1044.46	222.318	
0.544774	0.333844	0.920019	0.229422	0.133928	0.528701	971.784	-141.079	
0.541377	0.366661	0.912452	0.16604	0.237604	0.391654	1003.57	17.827	
0.535445	0.390784	0.900537	0.130078	0.043491	0.404329	960.758	-196.208	
0.666384	0.118707	0.824841	0.180427	0.0411599	0.63478	881.147	-594.265	
0.705672	0.12005	0.828415	-0.0303835	0.0470368	0.350193	970.585	-147.073	
0.64122	0.121623	0.852619	0.228057	0.126411	0.337983	907.059	-464.706	
0.606782	0.121968	0.876366	0.125425	0.127134	0.328235	902.447	-487.764	
0.671693	0.144468	0.832766	0.110831	-0.264261	0.542778	1041.33	206.629	
0.710818	0.146489	0.841736	0.0486666	-0.135029	0.533033	1031.23	156.16	
0.674106	0.177664	0.837739	0.151212	-0.0519917	0.595906	1011.85	59.2547	
0.674896	0.209093	0.841315	0.142689	-0.0449993	0.613401	1055.37	276.859	
0.675272	0.239023	0.842911	0.110283	-0.0425993	0.582324	1100.57	502.837	
0.675685	0.269305	0.843539	0.105252	-0.0335639	0.57428	1103.45	517.232	
0.713216	0.177529	0.848946	0.124497	-0.0925195	0.685166	1032.74	163.725	
0.713951	0.208338	0.852026	0.178235	-0.12727	0.792118	1083.02	415.076	
0.714591	0.23815	0.853656	0.206662	-0.111735	0.849382	1125.16	625.815	
0.715056	0.268746	0.854805	0.217529	-0.051924	0.876381	1122.77	613.857	
0.644898	0.145785	0.862732	0.162863	-0.180928	0.447699	1010.02	50.1099	
0.647057	0.178881	0.868885	0.196973	-0.057329	0.597294	993.879	-30.6028	
0.648706	0.209673	0.872292	0.222713	-0.0713167	0.676273	1037.81	189.048	
0.649253	0.239138	0.874268	0.243249	-0.0654753	0.701198	1080.41	402.034	
0.649766	0.269377	0.874905	0.25596	-0.0151906	0.711108	1081.05	405.273	
0.613151	0.147174	0.885963	0.194615	-0.137033	0.394719	980.389	-98.0536	
0.61549	0.179018	0.89323	0.250355	-0.0761826	0.542168	964.757	-176.216	
0.617069	0.209796	0.896976	0.29383	-0.124771	0.657946	1016.41	82.0546	
0.618367	0.239313	0.8988	0.31774	-0.105732	0.707104	1057.44	287.195	
0.619078	0.269721	0.899805	0.33539	-0.024116	0.717295	1054.95	274.767	
0.675907	0.29953	0.8434	0.129183	0.0134341	0.601899	1064.91	324.555	
0.675244	0.330639	0.842188	0.153822	0.0346732	0.63969	980.832	-95.8399	
0.671873	0.367256	0.835356	0.0983606	0.249264	0.50795	1034.65	173.245	
0.667365	0.393739	0.828384	0.212447	-0.0138267	0.729644	897.438	-512.811	
0.713654	0.332511	0.850588	0.124111	0.0982724	0.673613	1004.14	20.7014	
0.711253	0.365519	0.841987	0.0356007	0.155167	0.481006	1008.73	43.6588	
0.703322	0.390478	0.827845	-0.04995	-0.00582519	0.412988	963.831	-180.844	
0.714915	0.300253	0.853616	0.191867	0.0745249	0.803115	1083.35	416.739	
0.641596	0.386623	0.854933	0.292241	-0.126251	0.479048	926.613	-366.937	
0.649148	0.300127	0.874565	0.229625	0.0741135	0.685956	1039.84	199.182	
0.648477	0.331524	0.872391	0.188358	0.088049	0.62543	961.218	-193.911	
0.645015	0.368655	0.866064	0.137354	0.24804	0.459901	1026.47	132.338	
0.618261	0.300854	0.898982	0.307344	0.125725	0.670584	1018.5	92.4815	
0.617087	0.332051	0.895856	0.264511	0.124182	0.540285	936.246	-318.772	
0.615042	0.365837	0.887281	0.20579	0.182367	0.361866	979.703	-101.484	
0.608049	0.388459	0.876937	0.185623	-0.0999519	0.441953	901.555	-492.227	
0.734493	0.117351	0.803173	-0.00223619	0.0166164	0.315103	963.835	-180.827	
0.756896	0.115248	0.769155	-0.0153667	-0.0150985	0.404589	917.348	-413.26	
0.796234	0.117357	0.784984	-0.12774	0.112073	0.216799	920.82	-395.9	
0.801378	0.114661	0.738746	-0.101626	0.134522	0.20361	1070.48	352.387	
0.80573	0.148525	0.740248	-0.0686432	0.209692	0.238616	986.492	-67.5417	
0.738139	0.146087	0.815588	-0.02053	-0.115436	0.481002	1030.38	151.902	
0.759954	0.14568	0.779958	-0.0454348	-0.11786	0.419635	1038.75	193.734	
0.797057	0.149613	0.79111	-0.121977	0.0510383	0.272282	939.742	-301.292	
0.738651	0.1783	0.820553	0.00539195	-0.0599069	0.589362	1038.1	190.504	
0.740313	0.20917	0.823878	0.0433323	-0.0777075	0.659292	1068.92	344.609	
0.740687	0.238751	0.82574	0.0603289	-0.0746613	0.682279	1103.51	517.567	
0.741067	0.268357	0.826271	0.0650824	-0.0435899	0.684033	1099.36	496.79	
0.75918	0.177282	0.78276	-0.0534146	-0.0264367	0.442475	1036.81	184.027	
0.758952	0.208497	0.785806	-0.0678741	-0.0378246	0.452943	1053.99	269.953	
0.759411	0.238545	0.786885	-0.0792494	-0.0502425	0.42473	1080.63	403.146	
0.760375	0.268512	0.787365	-0.0602785	-0.0481224	0.410817	1081.08	405.389	
0.796729	0.177412	0.794866	-0.074978	-0.0151018	0.314379	961.312	-193.441	
0.797176	0.208074	0.795572	-0.0371785	-0.0143543	0.34261	958.955	-205.227	
0.797893	0.238894	0.796286	0.0175695	-0.0305921	0.366264	964.465	-177.673	
0.798311	0.270001	0.797021	0.0323562	-0.0295355	0.381367	957.602	-211.988	
0.80331	0.178892	0.743226	-0.0285185	0.145081	0.209643	933.398	-333.012	
0.804093	0.208628	0.742564	-0.0104021	0.0781425	0.199646	921.51	-392.449	
0.804378	0.23899	0.743462	0.024063	0.019033	0.187039	907.857	-460.713	
0.805462	0.269684	0.743023	0.0121275	-0.022908	0.208554	916.319	-418.403	
0.733112	0.393868	0.802664	-0.00144673	-0.023043	0.344274	923.669	-381.657	
0.739986	0.29913	0.825318	0.0331616	0.0412467	0.649114	1065.47	327.354	
0.739788	0.330424	0.823546	0.00945465	0.0795936	0.612168	1004.72	23.5816	
0.73579	0.365426	0.816227	-0.0671441	0.176328	0.486166	1010.76	53.7956	
0.760016	0.299461	0.786701	-0.0477413	0.00446846	0.426903	1040.92	204.622	
0.75983	0.331153	0.786461	-0.0372877	0.0262023	0.480405	1007.86	39.2844	
0.75921	0.366329	0.78252	-0.0625926	0.167816	0.417832	1035.93	179.661	
0.756764	0.397113	0.769704	0.0018778	0.061547	0.452919	910.3	-448.501	
0.797616	0.301622	0.796607	-0.00679191	0.00551938	0.34295	946.406	-267.968	
0.797282	0.333768	0.795302	-0.085859	0.0445915	0.286327	937.506	-312.471	
0.796265	0.362762	0.791181	-0.169958	-0.0302866	0.211022	921.245	-393.777	
0.790564	0.394114	0.780167	-0.217548	-0.0955357	0.206596	933.689	-331.553	
0.804284	0.30139	0.744127	0.0209302	-0.0441733	0.199365	903.749	-481.257	
0.803481	0.33128	0.743767	-0.0228873	-0.10684	0.227769	918.106	-409.468	
0.801924	0.361869	0.745227	-0.0813723	-0.140887	0.266872	946.484	-267.582	
0.803651	0.39527	0.735092	-0.099184	-0.0980771	0.186128	1033.5	167.517	
