x	y	z	U	V	W	Ro	P	
0.101329	0.101328	1.00679	-0.0641864	-0.0641879	0.339634	2688.11	8440.56	
0.10119	0.101187	1.03602	-0.0711149	-0.0712586	0.0906036	2565.7	7828.52	
0.101269	0.101272	1.06905	-0.0671658	-0.0670366	0.031925	2533.09	7665.46	
0.101237	0.101238	1.10278	-0.06877	-0.0687104	0.00853726	2529.15	7645.77	
0.101352	0.136089	1.00611	-0.06299	-0.0363679	0.305449	2453.93	7269.66	
0.101272	0.13672	1.03617	-0.066995	-0.00482968	0.0983907	2295.14	6475.72	
0.101377	0.136271	1.06912	-0.0617795	-0.0272558	0.0357703	2253.62	6268.1	
0.101365	0.136307	1.10275	-0.0623599	-0.0254499	0.00690301	2247.88	6239.4	
0.136026	0.101503	1.00606	-0.039505	-0.0554609	0.303049	2451.21	7256.07	
0.136835	0.101254	1.03626	0.0009153	-0.0679204	0.10285	2291.84	6459.21	
0.1363	0.101474	1.06916	-0.025833	-0.0568998	0.0373629	2248.87	6244.34	
0.136343	0.101441	1.10275	-0.0236598	-0.0585731	0.00708791	2243.22	6216.1	
0.135888	0.135869	1.00557	-0.0464362	-0.0473569	0.278587	2149.07	5745.36	
0.136713	0.136618	1.03656	-0.00517758	-0.00992825	0.117649	1945.18	4725.91	
0.136281	0.136187	1.0693	-0.026786	-0.0314531	0.0444207	1892.95	4464.75	
0.136354	0.136254	1.10273	-0.0231225	-0.0281392	0.00585313	1884.98	4424.88	
0.101255	0.101251	1.13694	-0.0678398	-0.0680627	0.00615088	2527.02	7635.11	
0.101235	0.101238	1.17104	-0.0688613	-0.0687188	0.000922917	2528.23	7641.14	
0.101239	0.10124	1.20522	-0.0686856	-0.0686031	-0.000166206	2528.01	7640.04	
0.101237	0.101239	1.23942	-0.0687489	-0.0686546	-0.000456361	2528.04	7640.21	
0.101244	0.101245	1.27363	-0.0684104	-0.068355	-0.000177315	2527.28	7636.4	
0.101383	0.136211	1.13686	-0.0614491	-0.0302653	0.00241798	2245.51	6227.55	
0.101388	0.136219	1.17103	-0.061222	-0.0298803	0.000637892	2245.87	6229.36	
0.101387	0.136211	1.20522	-0.0612419	-0.0302805	-0.000107542	2245.64	6228.19	
0.101385	0.136209	1.23942	-0.0613429	-0.0303721	-0.000518615	2245.9	6229.48	
0.10137	0.136273	1.27354	-0.0621105	-0.0271719	-0.00458995	2245.31	6226.55	
0.136292	0.101472	1.13691	-0.0261922	-0.0570224	0.00449662	2238.05	6190.23	
0.136275	0.1015	1.17101	-0.027078	-0.0556001	-0.000548582	2238.04	6190.21	
0.136238	0.10149	1.20522	-0.028908	-0.0561028	-0.000199858	2240.25	6201.25	
0.136237	0.101489	1.23942	-0.0289527	-0.0561525	-0.00058401	2240.59	6202.95	
0.136299	0.101457	1.27353	-0.0258829	-0.0577732	-0.00520121	2240.52	6202.58	
0.136268	0.136121	1.13687	-0.0274128	-0.0347849	0.00261656	1877.78	4388.88	
0.136263	0.136129	1.17099	-0.0276475	-0.0343472	-0.00149018	1878.3	4391.49	
0.136221	0.136116	1.20522	-0.0297812	-0.0350093	-0.000452309	1881.22	4406.11	
0.136223	0.136118	1.2394	-0.0296641	-0.0349016	-0.00127131	1881.94	4409.72	
0.136309	0.136207	1.27343	-0.0253423	-0.030455	-0.0101495	1881.34	4406.68	
0.101272	0.101267	1.30789	-0.066997	-0.0672608	0.00289564	2526.54	7632.72	
0.101234	0.101237	1.34204	-0.0689197	-0.0687748	0.000176315	2528.1	7640.49	
0.101238	0.10124	1.37624	-0.0687299	-0.0686339	-0.000371266	2528.06	7640.31	
0.101246	0.101246	1.41049	-0.0683259	-0.0683208	0.00221384	2526.2	7630.98	
0.101403	0.136206	1.30781	-0.0604424	-0.0305197	-0.0015563	2244.85	6224.26	
0.101386	0.136216	1.34203	-0.0612956	-0.0300012	-0.000467973	2245.69	6228.46	
0.101386	0.136206	1.37623	-0.0613149	-0.0304986	-0.000534773	2245.88	6229.41	
0.10139	0.136289	1.41043	-0.0610976	-0.026365	-0.000813966	2241.95	6209.73	
0.13629	0.101489	1.30784	-0.0263067	-0.0561428	0.000369405	2237.36	6186.78	
0.136272	0.1015	1.34201	-0.0272363	-0.0556209	-0.0017268	2237.85	6189.24	
0.136233	0.10149	1.37623	-0.0291879	-0.0560962	-0.000577959	2240.53	6202.65	
0.136328	0.101485	1.41043	-0.0244056	-0.0563715	-0.000877744	2236.13	6180.66	
0.136265	0.136116	1.30779	-0.0275451	-0.0349954	-0.00249168	1876.81	4384.06	
0.136261	0.136126	1.34198	-0.0277827	-0.0345047	-0.00311666	1878.01	4390.04	
0.136219	0.136113	1.37622	-0.0298863	-0.0351509	-0.00117159	1881.86	4409.29	
0.136367	0.136252	1.41046	-0.0224537	-0.0282315	0.000593627	1872.25	4361.24	
0.101499	0.101498	1.44584	-0.0556574	-0.0557127	0.0594737	2455.9	7279.49	
0.104146	0.104145	1.49063	0.0766789	0.0766573	0.588408	2146.39	5731.97	
0.10179	0.1358	1.44658	-0.0410965	-0.0508192	0.0965906	2151.96	5759.81	
0.10476	0.137067	1.49229	0.10737	0.0125585	0.671853	1795.29	3976.46	
0.135771	0.102058	1.44681	-0.0522495	-0.0277199	0.10766	2141.45	5707.27	
0.1373	0.104721	1.49208	0.0242064	0.105426	0.661248	1789.24	3946.19	
0.135971	0.135802	1.44808	-0.0422876	-0.0507293	0.171239	1758.16	3790.8	
0.138071	0.137819	1.49356	0.062709	0.0501292	0.735237	1383.2	1915.98	
0.101373	0.170571	1.00594	-0.0619615	-0.022487	0.296963	2459.91	7299.55	
0.101127	0.171468	1.03616	-0.0742768	0.0223775	0.0976221	2302.33	6511.67	
0.101335	0.170938	1.06919	-0.0638559	-0.0040979	0.0389782	2260.9	6304.49	
0.101364	0.170855	1.10288	-0.0624297	-0.00828258	0.0134542	2254.3	6271.51	
0.101312	0.204942	1.006	-0.0650218	-0.0141249	0.299886	2461.2	7306.02	
0.10125	0.205726	1.03607	-0.0680942	0.0250766	0.0934471	2303.87	6519.36	
0.101343	0.20527	1.06916	-0.0634475	0.00229367	0.0378194	2263.36	6316.8	
0.101326	0.205208	1.10284	-0.0643035	-0.000823526	0.011506	2256.88	6284.42	
0.10131	0.23919	1.00598	-0.0650891	-0.0119232	0.298892	2461.8	7309.02	
0.101235	0.239977	1.03608	-0.0688754	0.0274005	0.0940246	2304.57	6522.83	
0.101337	0.239518	1.06915	-0.0637524	0.00447114	0.0373178	2263.8	6319.02	
0.101326	0.239456	1.10285	-0.0642944	0.00139664	0.0118829	2257.54	6287.71	
0.101316	0.273414	1.00598	-0.0648096	-0.0109145	0.299	2461.46	7307.28	
0.101241	0.274203	1.03608	-0.0685753	0.0285344	0.0939343	2303.96	6519.82	
0.101347	0.273742	1.06916	-0.0632592	0.00546804	0.0373948	2263.29	6316.44	
0.101333	0.273677	1.10285	-0.0639825	0.00221254	0.0118638	2257.2	6286	
0.135907	0.170561	1.00551	-0.0454862	-0.0229932	0.275538	2151.44	5757.21	
0.136862	0.171226	1.03655	0.00225988	0.0102593	0.117067	1947.27	4736.34	
0.136392	0.170926	1.06937	-0.0212308	-0.00473533	0.0480967	1896.28	4481.38	
0.136468	0.17079	1.10288	-0.0174159	-0.0115446	0.0133755	1886.96	4434.8	
0.135918	0.204865	1.00545	-0.0448965	-0.0179577	0.272517	2153.96	5769.82	
0.136915	0.205587	1.03657	0.00495812	0.0181134	0.118457	1950.31	4751.53	
0.136405	0.205246	1.06939	-0.0205736	0.00106393	0.0491955	1899.52	4497.6	
0.136493	0.205151	1.10284	-0.0161771	-0.00367643	0.0112332	1890.28	4451.42	
0.135892	0.239147	1.00543	-0.046197	-0.0141006	0.271286	2157.8	5788.98	
0.136884	0.239896	1.03656	0.00339462	0.0233765	0.117894	1954.93	4774.64	
0.136369	0.239563	1.06938	-0.0223809	0.0067206	0.0487598	1904.16	4520.82	
0.136451	0.239449	1.10285	-0.0182856	0.00104525	0.0116994	1895.3	4476.49	
0.136034	0.273219	1.00545	-0.039136	-0.0206574	0.272508	2157.41	5787.03	
0.136885	0.274122	1.03646	0.00342847	0.0244709	0.112903	1954.88	4774.4	
0.136472	0.27369	1.06935	-0.0172312	0.00287873	0.0472698	1903.92	4519.62	
0.136524	0.27361	1.10286	-0.0146322	-0.00113428	0.0126183	1894.95	4474.77	
0.101368	0.170772	1.13694	-0.0621945	-0.012422	0.00641378	2251.96	6259.8	
0.101381	0.17079	1.17105	-0.06157	-0.0115342	0.00145156	2252.01	6260.06	
0.101379	0.170787	1.20523	-0.0616761	-0.0116802	0.000167162	2251.83	6259.13	
0.101372	0.170801	1.23941	-0.0619981	-0.0109762	-0.000812273	2252.06	6260.3	
0.101385	0.170801	1.27364	-0.0613606	-0.0109818	0.000365205	2251.42	6257.08	
0.101338	0.205134	1.13693	-0.0636907	-0.00451006	0.00585497	2254.55	6272.77	
0.101316	0.205149	1.17105	-0.0648003	-0.00378423	0.00132678	2254.71	6273.57	
0.10135	0.205141	1.20523	-0.0631132	-0.00415797	0.000130518	2254.49	6272.44	
0.101347	0.205141	1.23943	-0.0632765	-0.0041703	-0.000142213	2254.53	6272.66	
0.101298	0.205155	1.27362	-0.065694	-0.00346417	-0.000717631	2254	6269.98	
0.101335	0.239392	1.13694	-0.0638868	-0.0018236	0.00603343	2255.26	6276.31	
0.101352	0.239404	1.17105	-0.0630025	-0.00121285	0.00144487	2255.39	6276.93	
0.101348	0.239397	1.20523	-0.0632161	-0.00155979	0.00026036	2255.15	6275.74	
0.101348	0.239398	1.23942	-0.0632302	-0.0015173	-0.000212292	2255.19	6275.95	
0.101336	0.239402	1.27363	-0.0638366	-0.00131082	-0.000210107	2254.69	6273.44	
0.101326	0.273645	1.13692	-0.0643018	0.000597384	0.00516653	2255.07	6275.36	
0.10136	0.273629	1.17105	-0.0626085	-0.000188108	0.00128968	2254.91	6274.54	
0.101356	0.273625	1.20523	-0.0628054	-0.000407059	0.000194326	2254.67	6273.36	
0.101356	0.273623	1.23942	-0.0628315	-0.000460209	-0.000179671	2254.71	6273.53	
0.101339	0.273624	1.27363	-0.0636474	-0.000424452	-0.000165687	2254.34	6271.71	
0.136418	0.170743	1.13694	-0.0199027	-0.0138496	0.00606021	1878.75	4393.76	
0.136393	0.170752	1.17101	-0.0211903	-0.0134357	-0.000757508	1879.41	4397.07	
0.136344	0.170744	1.20522	-0.0236322	-0.0138197	-0.000231294	1882.77	4413.83	
0.13634	0.170768	1.2394	-0.0238381	-0.0126186	-0.00156301	1883.53	4417.64	
0.136414	0.170741	1.27354	-0.020096	-0.013965	-0.00464145	1882.81	4414.06	
0.136418	0.205068	1.13692	-0.0199084	-0.00781996	0.00540762	1881.86	4409.3	
0.136395	0.205071	1.171	-0.0210733	-0.00766279	-0.00101409	1882.43	4412.17	
0.136345	0.205063	1.20522	-0.0235708	-0.00804968	-0.000452493	1886.12	4430.6	
0.136339	0.205072	1.23941	-0.0238562	-0.00761104	-0.000741447	1886.72	4433.59	
0.13643	0.205078	1.27349	-0.0193351	-0.0073015	-0.00728211	1886	4430	
0.136375	0.239354	1.13693	-0.0220779	-0.00375236	0.00571795	1887.1	4435.48	
0.136361	0.239365	1.171	-0.022763	-0.00317374	-0.000927969	1887.49	4437.47	
0.13631	0.239361	1.20522	-0.0253331	-0.00339999	-0.000246373	1891.07	4455.34	
0.136304	0.239375	1.23941	-0.0256393	-0.00267116	-0.000974175	1891.64	4458.19	
0.136392	0.23937	1.2735	-0.0212215	-0.00292849	-0.00673201	1891.05	4455.27	
0.136473	0.273502	1.13692	-0.017168	-0.00652494	0.00513113	1886.95	4434.76	
0.136461	0.273498	1.171	-0.0177626	-0.00674204	-0.000901559	1887.56	4437.8	
0.136415	0.273491	1.20522	-0.0200819	-0.00708557	-0.000270676	1890.81	4454.07	
0.13641	0.273502	1.23941	-0.0203148	-0.00651075	-0.000859239	1891.33	4456.63	
0.136476	0.273522	1.27353	-0.0170032	-0.00553579	-0.00496249	1890.66	4453.31	
0.101397	0.170773	1.30786	-0.0607786	-0.012347	0.00112615	2251.14	6255.7	
0.101381	0.170783	1.34204	-0.0615861	-0.0118721	-8.5097e-05	2251.79	6258.97	
0.10138	0.170793	1.37624	-0.0616324	-0.0113737	-0.000242966	2251.77	6258.83	
0.101475	0.17063	1.41075	-0.0568475	-0.019497	0.015089	2244.12	6220.62	
0.10137	0.205133	1.30785	-0.0621079	-0.00457504	0.000689087	2253.73	6268.67	
0.101314	0.205143	1.34204	-0.0649257	-0.00408126	-8.0168e-05	2254.47	6272.37	
0.101316	0.205115	1.37627	-0.0648105	-0.00547819	0.00106667	2254.25	6271.26	
0.101366	0.205111	1.41056	-0.0623199	-0.00566415	0.00578115	2245.79	6228.94	
0.101365	0.239391	1.30786	-0.062383	-0.00188798	0.000923868	2254.47	6272.34	
0.10135	0.239395	1.34204	-0.0630955	-0.0016846	0.000138393	2255.14	6275.69	
0.101317	0.239385	1.37625	-0.0647521	-0.00217475	0.000137966	2255.12	6275.59	
0.101372	0.239384	1.41058	-0.0620269	-0.00223216	0.00652432	2247.16	6235.8	
0.101352	0.273628	1.30785	-0.0630206	-0.000243454	0.000545341	2254.26	6271.31	
0.101358	0.273622	1.34204	-0.06269	-0.000513003	-3.65423e-05	2254.68	6273.39	
0.101324	0.273614	1.37625	-0.0643936	-0.000946425	0.000106141	2254.68	6273.4	
0.101372	0.273608	1.41058	-0.0620005	-0.00125135	0.00639903	2247.23	6236.13	
0.136414	0.170744	1.30782	-0.0200953	-0.0138055	-0.000751645	1877.56	4387.78	
0.136388	0.170746	1.34198	-0.0214335	-0.0137021	-0.00290586	1879.04	4395.21	
0.136329	0.170761	1.37624	-0.0243428	-0.0129508	-0.0004236	1882.88	4414.39	
0.136477	0.170531	1.41085	-0.0169777	-0.0244546	0.0199371	1868.09	4340.44	
0.136415	0.205068	1.30781	-0.0200574	-0.00782304	-0.00155102	1880.66	4403.32	
0.136388	0.205065	1.34198	-0.0214379	-0.00798559	-0.00316765	1882.02	4410.08	
0.136324	0.205024	1.37627	-0.0246007	-0.0100051	0.00148695	1885.95	4429.74	
0.136509	0.205021	1.4106	-0.0153732	-0.0101548	0.00779021	1869.16	4345.81	
0.136373	0.23935	1.30781	-0.0221858	-0.00395191	-0.00116776	1885.94	4429.68	
0.136354	0.23935	1.34199	-0.0231344	-0.00392593	-0.00274683	1887.07	4435.35	
0.13629	0.239343	1.37625	-0.0263158	-0.00425632	9.67057e-05	1891.18	4455.89	
0.136472	0.239335	1.41062	-0.0172083	-0.0046893	0.00870269	1874.75	4373.73	
0.13647	0.273483	1.30782	-0.0173195	-0.00750535	-0.000945966	1885.74	4428.68	
0.136456	0.273486	1.34199	-0.0180368	-0.00734479	-0.00277109	1887.17	4435.84	
0.1364	0.273471	1.37625	-0.0208331	-0.00807108	0.000107557	1890.98	4454.9	
0.136553	0.273487	1.41065	-0.0131651	-0.0072677	0.0102172	1875.19	4375.93	
0.102048	0.169797	1.44715	-0.0282136	-0.0611766	0.124617	2146.35	5731.74	
0.104919	0.170811	1.4924	0.115336	-0.0104802	0.676961	1791.04	3955.22	
0.101776	0.204184	1.44694	-0.0417959	-0.0520019	0.114272	2148.64	5743.22	
0.104898	0.204946	1.49248	0.114281	-0.0139448	0.681054	1788.84	3944.22	
0.1018	0.238421	1.44698	-0.0406327	-0.0503795	0.116463	2149.13	5745.65	
0.104906	0.239114	1.49248	0.114664	-0.0157205	0.681326	1788.62	3943.12	
0.101788	0.272649	1.44697	-0.0411932	-0.049176	0.115659	2149.79	5748.97	
0.104907	0.273303	1.49249	0.114752	-0.0164803	0.681598	1789.01	3945.04	
0.136032	0.170033	1.44868	-0.0392306	-0.0493802	0.201337	1748.36	3741.81	
0.138394	0.171066	1.49387	0.0788595	0.00226277	0.750552	1375.22	1876.1	
0.135962	0.204169	1.44866	-0.0427241	-0.0527677	0.200113	1746.51	3732.53	
0.138373	0.205018	1.49393	0.077842	-0.0103324	0.753506	1371.59	1857.94	
0.135923	0.238352	1.44871	-0.0446669	-0.0538105	0.202749	1750.13	3750.65	
0.138356	0.23915	1.49394	0.0769628	-0.0139281	0.754336	1372.56	1862.79	
0.136118	0.27236	1.44856	-0.0349044	-0.0636331	0.195243	1750.97	3754.83	
0.138255	0.273462	1.49405	0.0719336	-0.00852973	0.759581	1371.84	1859.22	
0.101367	0.30759	1.00591	-0.0622446	-0.0123446	0.295308	2461.63	7308.17	
0.101075	0.308552	1.03614	-0.0768458	0.0357599	0.0969666	2305.4	6527	
0.101289	0.308005	1.0692	-0.0661725	0.00843275	0.0393843	2263.98	6319.92	
0.101323	0.307917	1.10288	-0.0644441	0.00399914	0.0134851	2257.38	6286.9	
0.101312	0.341846	1.00598	-0.0650141	-0.00972139	0.298793	2461.18	7305.92	
0.101255	0.342656	1.03607	-0.0678439	0.0307759	0.0931018	2303.9	6519.48	
0.101348	0.342207	1.06916	-0.0632307	0.00828771	0.0377676	2263.31	6316.56	
0.10133	0.342131	1.10286	-0.0641327	0.00452547	0.0122071	2256.93	6284.64	
0.101363	0.376285	1.00602	-0.0624838	0.00200873	0.301029	2453.89	7269.44	
0.101275	0.377103	1.03609	-0.0668409	0.0429055	0.0945135	2294.76	6473.8	
0.101378	0.376644	1.06915	-0.0617221	0.0199666	0.0372052	2253.44	6267.21	
0.101362	0.376581	1.10285	-0.0625247	0.0168163	0.0117154	2247.44	6237.22	
0.101471	0.411541	1.00635	-0.0570762	0.0546175	0.317616	2687.36	8436.81	
0.101344	0.412471	1.036	-0.0634019	0.101079	0.0897718	2566.22	7831.11	
0.101414	0.411924	1.06911	-0.0599232	0.0737693	0.0351894	2532.05	7660.27	
0.101361	0.411897	1.10283	-0.0625421	0.0724218	0.0108612	2527.02	7635.1	
0.135937	0.307594	1.00545	-0.0439885	-0.0121605	0.272451	2154	5770.02	
0.136894	0.308357	1.03657	0.00390048	0.025989	0.118383	1950.08	4750.42	
0.136416	0.308001	1.06939	-0.020024	0.00823232	0.0490707	1899.09	4495.44	
0.136503	0.307858	1.10289	-0.0156843	0.00105677	0.0137312	1889.56	4447.81	
0.135915	0.341795	1.00543	-0.0450855	-0.0122935	0.271527	2154.02	5770.12	
0.136905	0.342542	1.03656	0.00442762	0.0250655	0.117929	1950.55	4752.74	
0.136394	0.34221	1.0694	-0.0211235	0.00846148	0.0494596	1899.64	4498.19	
0.136484	0.342086	1.10285	-0.0166299	0.00227197	0.0119326	1890.41	4452.06	
0.135788	0.376349	1.00547	-0.051419	0.00520625	0.273601	2149.14	5745.71	
0.136737	0.377044	1.03651	-0.00396062	0.0399687	0.115525	1944.56	4722.8	
0.136198	0.376755	1.06937	-0.0309365	0.0255165	0.0480003	1893.02	4465.08	
0.136295	0.376604	1.10281	-0.0260446	0.0179326	0.0100642	1884.74	4423.72	
0.136133	0.411339	1.0057	-0.0341586	0.0445253	0.285109	2451.03	7255.13	
0.13689	0.412323	1.0362	0.00367057	0.0937026	0.0998324	2294.57	6472.85	
0.136393	0.41176	1.06924	-0.0211879	0.0655452	0.0416313	2250.16	6250.81	
0.136411	0.411689	1.10283	-0.0202423	0.0619855	0.0110963	2242.34	6211.71	
0.101332	0.30785	1.13694	-0.0640262	0.00065338	0.00597083	2255.16	6275.79	
0.101342	0.307861	1.17105	-0.0635312	0.00122983	0.00156064	2255.16	6275.81	
0.101339	0.307855	1.20523	-0.0636424	0.000902661	0.000179536	2254.93	6274.64	
0.101336	0.307856	1.23942	-0.0638361	0.000983392	-0.000202137	2254.96	6274.79	
0.10135	0.307851	1.27363	-0.063127	0.000714241	9.83513e-05	2254.36	6271.81	
0.101341	0.342095	1.13692	-0.0635677	0.00270125	0.00529323	2254.32	6271.58	
0.101355	0.342085	1.17104	-0.0628798	0.00221613	0.00114673	2254.38	6271.88	
0.101351	0.342078	1.20523	-0.0630453	0.00184298	0.00019054	2254.42	6272.08	
0.10135	0.342075	1.23943	-0.0630973	0.00173451	-0.000128723	2254.44	6272.2	
0.101333	0.342074	1.27363	-0.0639458	0.00164402	1.65812e-05	2254.02	6270.08	
0.101387	0.376617	1.13683	-0.0612463	0.0186125	0.000747699	2244.7	6223.49	
0.101385	0.376528	1.17102	-0.0613612	0.0141311	0.000211197	2244.62	6223.11	
0.101384	0.376531	1.20522	-0.0613925	0.0142829	-0.000181713	2244.63	6223.15	
0.101384	0.376529	1.23942	-0.0614174	0.0141902	-0.000268799	2244.67	6223.36	
0.101369	0.376525	1.27363	-0.0621614	0.0139959	-0.000289127	2244.55	6222.73	
0.101344	0.411876	1.13693	-0.0634091	0.071356	0.00570629	2525.21	7626.05	
0.101392	0.41185	1.17104	-0.0610137	0.0700467	0.00117127	2524.68	7623.39	
0.101388	0.411848	1.20522	-0.0612323	0.0699671	-0.000106021	2524.49	7622.44	
0.101388	0.411848	1.23942	-0.0612189	0.0699442	-0.000374531	2524.48	7622.4	
0.101369	0.411836	1.27364	-0.0621511	0.0693306	0.000364316	2524.44	7622.19	
0.136451	0.307823	1.13694	-0.0182475	-0.000678991	0.00612979	1881.2	4405.98	
0.136427	0.307822	1.17101	-0.0194656	-0.00073443	-0.00063817	1881.74	4408.72	
0.136375	0.307812	1.20522	-0.0220656	-0.00124106	-0.000203445	1885.27	4426.33	
0.136369	0.307822	1.23941	-0.0223539	-0.000741137	-0.000922247	1885.89	4429.43	
0.136451	0.307788	1.27353	-0.0182656	-0.0024298	-0.00495776	1885.12	4425.61	
0.136408	0.342048	1.13691	-0.020426	0.000341484	0.00473777	1881.63	4408.15	
0.13639	0.342029	1.17099	-0.0213037	-0.000577419	-0.00139031	1881.85	4409.25	
0.136336	0.342016	1.20522	-0.0239973	-0.00122457	-0.000438495	1885.84	4429.21	
0.136329	0.342023	1.23941	-0.02436	-0.000882344	-0.000829477	1886.59	4432.94	
0.136425	0.342008	1.2735	-0.0195903	-0.00165826	-0.00668819	1886.05	4430.23	
0.136191	0.376605	1.13684	-0.0312511	0.0180108	0.00137353	1876.66	4383.3	
0.136172	0.376543	1.17098	-0.0322159	0.0148946	-0.00196078	1876.38	4381.92	
0.136129	0.376547	1.20521	-0.0343456	0.015083	-0.000634832	1879.97	4399.87	
0.136123	0.376559	1.23941	-0.0346629	0.0157186	-0.00106141	1880.54	4402.7	
0.136236	0.376522	1.27347	-0.0289971	0.0138548	-0.00815769	1880.53	4402.65	
0.136362	0.41158	1.1369	-0.0226928	0.0565436	0.00442086	2236.05	6180.25	
0.136355	0.411558	1.17101	-0.0230469	0.0554331	-0.000372548	2235.52	6177.6	
0.136323	0.411564	1.20522	-0.0246651	0.0557517	-0.000319614	2237.84	6189.22	
0.136317	0.411578	1.23941	-0.0249609	0.0564312	-0.000707568	2238.25	6191.25	
0.136363	0.411596	1.27356	-0.0226755	0.057362	-0.00382758	2238.45	6192.25	
0.101362	0.307847	1.30785	-0.062514	0.000513836	0.000550233	2254.29	6271.43	
0.101343	0.307851	1.34204	-0.0634606	0.000723871	-6.80774e-06	2254.9	6274.49	
0.10135	0.30784	1.37626	-0.0631212	0.000166799	0.000743824	2254.53	6272.66	
0.101466	0.307603	1.41082	-0.0573041	-0.0117093	0.0186892	2245.84	6229.22	
0.101371	0.342091	1.30784	-0.0620668	0.00251521	8.38022e-05	2253.47	6267.37	
0.101352	0.342077	1.34204	-0.0630156	0.00178746	-0.000232442	2254.1	6270.48	
0.101348	0.342039	1.37627	-0.0631905	-7.61195e-05	0.00140096	2254.03	6270.15	
0.101362	0.342008	1.41057	-0.0625124	-0.0016411	0.00612539	2245.76	6228.79	
0.101416	0.37661	1.30775	-0.0598149	0.018272	-0.00414931	2243.92	6219.58	
0.101383	0.376517	1.34202	-0.0614598	0.0135867	-0.000974716	2244.36	6221.81	
0.101385	0.376513	1.37624	-0.0613596	0.0134284	-0.00017286	2244.54	6222.69	
0.101404	0.376491	1.41056	-0.0604342	0.0123218	0.00531364	2238.09	6190.46	
0.101366	0.411858	1.30787	-0.0623359	0.0704451	0.001858	2524.52	7622.6	
0.10139	0.411842	1.34204	-0.0611148	0.0696721	0.000180337	2524.49	7622.45	
0.101387	0.411836	1.37624	-0.061275	0.0693743	-3.14568e-05	2524.42	7622.09	
0.101388	0.411824	1.41056	-0.0612157	0.0687499	0.00576136	2518.66	7593.31	
0.136448	0.307817	1.30782	-0.0184015	-0.000986937	-0.000940655	1879.89	4399.46	
0.136422	0.30781	1.34198	-0.0197315	-0.00131927	-0.00281463	1881.3	4406.51	
0.136359	0.307799	1.37626	-0.0228446	-0.00189393	0.000817861	1884.88	4424.42	
0.136506	0.30748	1.41093	-0.0155094	-0.0178399	0.0242472	1868.61	4343.06	
0.136406	0.342043	1.30779	-0.0205391	0.000122365	-0.00222488	1880.39	4401.95	
0.136384	0.342017	1.34197	-0.0216244	-0.00118763	-0.00347747	1881.36	4406.82	
0.136318	0.341956	1.37628	-0.0249159	-0.00425916	0.00200524	1885.54	4427.7	
0.136495	0.341912	1.41061	-0.0160694	-0.00646142	0.00780202	1869.6	4347.99	
0.136189	0.376595	1.30773	-0.0313544	0.0175118	-0.00519549	1875.5	4377.52	
0.136167	0.376524	1.34197	-0.0324907	0.0139713	-0.00372186	1875.94	4379.69	
0.136114	0.37652	1.37624	-0.0351212	0.0137433	-0.000386339	1880.18	4400.91	
0.136291	0.37644	1.41054	-0.026263	0.0097645	0.00456896	1867.27	4336.34	
0.136358	0.411558	1.30783	-0.0228935	0.055438	-0.000554654	2235.02	6175.1	
0.136351	0.411545	1.342	-0.0232562	0.0547799	-0.00188397	2235.19	6175.97	
0.136309	0.411547	1.37624	-0.025343	0.054903	-0.000128517	2237.99	6189.93	
0.136389	0.411539	1.41053	-0.0213587	0.0544982	0.0038465	2227.92	6139.6	
0.102074	0.306617	1.44722	-0.0269041	-0.0610069	0.128178	2146.51	5732.56	
0.10501	0.307408	1.49248	0.119871	-0.021413	0.681241	1788.96	3944.8	
0.101764	0.341043	1.44694	-0.0424137	-0.0498839	0.114308	2148.66	5743.29	
0.104884	0.341687	1.49248	0.113582	-0.0176769	0.681358	1789.26	3946.3	
0.101802	0.375448	1.44669	-0.0404915	-0.0398672	0.101848	2148.35	5741.77	
0.104733	0.375717	1.49244	0.106025	-0.0264107	0.679131	1794.7	3973.5	
0.101582	0.410598	1.44624	-0.0515022	0.00747565	0.0794617	2445.11	7225.57	
0.104003	0.408544	1.48971	0.0695366	-0.0952627	0.542855	2149.15	5745.73	
0.136064	0.306811	1.44876	-0.0376208	-0.0512679	0.205212	1746.32	3731.59	
0.138432	0.307543	1.49394	0.0807706	-0.0146851	0.754345	1370.89	1854.43	
0.135935	0.340988	1.44866	-0.0440672	-0.0526221	0.200174	1747.46	3737.3	
0.138338	0.341672	1.49393	0.0760863	-0.018428	0.753787	1373.46	1867.29	
0.135729	0.375122	1.44827	-0.05439	-0.0561576	0.180628	1752.79	3763.94	
0.138118	0.375163	1.49385	0.0650724	-0.0540929	0.749425	1381.87	1909.35	
0.135812	0.409897	1.44712	-0.050192	-0.0275962	0.123551	2126.35	5631.73	
0.137236	0.407935	1.49148	0.0209754	-0.12571	0.630925	1790.16	3950.78	
0.253179	0.105678	0.988779	0.68754	0.153299	0.688938	1885.42	4427.09	
0.253377	0.136954	0.989643	0.697402	0.00688519	0.732171	1486.46	2432.31	
0.275186	0.104033	0.959335	0.0776595	0.0710451	0.466728	2195.1	5975.52	
0.276158	0.137233	0.960813	0.12625	0.0208305	0.540653	1843.67	4218.35	
0.17173	0.101692	1.00629	0.0354968	-0.0460077	0.314563	2382.62	6913.1	
0.17303	0.101589	1.03632	0.100491	-0.0511592	0.10594	2197.44	5987.2	
0.172654	0.101825	1.06926	0.081669	-0.0393493	0.0423953	2152.69	5763.46	
0.172565	0.101837	1.10282	0.0772376	-0.0387664	0.0105003	2148.26	5741.3	
0.171839	0.13616	1.00592	0.0409146	-0.0328212	0.296046	2061.95	5309.75	
0.173636	0.13686	1.03684	0.130779	0.00220228	0.131664	1832.48	4162.39	
0.173366	0.136558	1.0695	0.117294	-0.0129217	0.0543878	1778.79	3893.93	
0.173313	0.136592	1.10288	0.114608	-0.0111959	0.0135072	1772.45	3862.26	
0.216707	0.103792	1.00692	0.574105	0.0589952	0.346128	2077.42	5387.08	
0.219228	0.104309	1.03666	0.700164	0.0848534	0.122915	1830.05	4150.25	
0.218989	0.104574	1.06903	0.688245	0.098104	0.0312991	1794.76	3973.8	
0.218897	0.104665	1.10257	0.683608	0.102623	-0.00219087	1788.54	3942.69	
0.217357	0.136504	1.00735	0.606632	-0.0156211	0.367533	1718.34	3591.68	
0.220049	0.138063	1.03753	0.74121	0.0623224	0.166168	1439.13	2195.63	
0.220028	0.137758	1.06939	0.7402	0.0470614	0.0489224	1398.91	1994.57	
0.220129	0.137688	1.10273	0.745226	0.0435696	0.00594962	1388.56	1942.82	
0.17336	0.102078	1.13602	0.117001	-0.0267194	-0.0395937	2140.02	5700.09	
0.172469	0.101867	1.17081	0.0724175	-0.0372411	-0.0102797	2138.85	5694.24	
0.172538	0.101884	1.20515	0.0758904	-0.0363885	-0.00395834	2141.09	5705.47	
0.172547	0.101878	1.23937	0.0763159	-0.0367178	-0.00277198	2141.69	5708.47	
0.17252	0.10186	1.27355	0.0749801	-0.0375966	-0.00411832	2145.09	5725.46	
0.174032	0.136389	1.1361	0.150605	-0.0213884	-0.0357268	1763.98	3819.92	
0.173177	0.1365	1.17079	0.107818	-0.0157928	-0.0117275	1759.52	3797.62	
0.173243	0.13652	1.20512	0.111147	-0.0148406	-0.00525635	1763	3815	
0.173264	0.136523	1.23934	0.112162	-0.0146546	-0.00433299	1763.7	3818.48	
0.173265	0.136559	1.27347	0.112226	-0.0128516	-0.00790077	1767.95	3839.76	
0.219071	0.104732	1.1364	0.69234	0.106012	-0.0209114	1786.07	3930.35	
0.218912	0.104677	1.17059	0.684391	0.103258	-0.0214051	1782.99	3914.95	
0.218921	0.104692	1.20475	0.684812	0.104012	-0.0239697	1782.64	3913.19	
0.218943	0.104688	1.23895	0.68591	0.103807	-0.0237907	1782.59	3912.94	
0.218854	0.104708	1.27324	0.681473	0.104804	-0.0195457	1785.31	3926.56	
0.22023	0.137785	1.13656	0.750295	0.0484307	-0.0129886	1386.66	1933.32	
0.219946	0.137697	1.17059	0.736054	0.0440462	-0.0215947	1383.21	1916.06	
0.219957	0.137698	1.20473	0.736603	0.0440688	-0.0248207	1382.56	1912.8	
0.219982	0.137695	1.23893	0.737892	0.0439228	-0.0249695	1382.24	1911.2	
0.220082	0.137647	1.27327	0.742898	0.0415249	-0.0182819	1383.95	1919.74	
0.173358	0.102109	1.30693	0.11687	-0.0251646	-0.0455356	2139.07	5695.34	
0.172464	0.101867	1.3418	0.0721685	-0.0372398	-0.0119284	2138.63	5693.13	
0.172551	0.101888	1.37615	0.076519	-0.0362187	-0.0045654	2141.02	5705.11	
0.172347	0.101978	1.41069	0.0663433	-0.0317082	0.0121816	2135.7	5678.51	
0.174026	0.136387	1.30696	0.150261	-0.0214638	-0.0436195	1762.7	3813.5	
0.173171	0.136499	1.34176	0.107513	-0.0158414	-0.0142165	1759.18	3795.88	
0.173271	0.136511	1.37614	0.112521	-0.0152443	-0.00514379	1762.71	3813.56	
0.173038	0.136662	1.41086	0.100883	-0.00769501	0.0205931	1751.66	3758.28	
0.219068	0.104764	1.3073	0.692151	0.107577	-0.0269221	1785.16	3925.8	
0.218909	0.10468	1.34158	0.684245	0.103392	-0.0231644	1782.74	3913.69	
0.21888	0.104713	1.37581	0.682797	0.10506	-0.0215457	1782.14	3910.72	
0.218773	0.104815	1.41029	0.677425	0.110152	-0.00772235	1773.72	3868.59	
0.220216	0.137781	1.30743	0.74959	0.0482205	-0.0203832	1385.44	1927.19	
0.219942	0.137694	1.34157	0.735884	0.0438614	-0.0237004	1382.79	1913.97	
0.219917	0.137698	1.37583	0.734642	0.0440819	-0.0207003	1381.68	1908.39	
0.219926	0.137751	1.41051	0.735101	0.0467249	0.00329707	1365.36	1826.78	
0.172316	0.10275	1.44612	0.0647923	0.00690195	0.0733186	2048.91	5244.54	
0.172501	0.10549	1.49188	0.0740223	0.143905	0.651278	1719.68	3598.41	
0.17313	0.136375	1.44794	0.105484	-0.0220773	0.164298	1658.01	3290.05	
0.174195	0.138347	1.49336	0.158749	0.0765189	0.725253	1318.08	1590.39	
0.217603	0.105606	1.44655	0.618938	0.149688	0.0948823	1718.8	3593.99	
0.215608	0.107858	1.48935	0.519163	0.262304	0.524698	1460.59	2302.94	
0.218838	0.137953	1.44838	0.680653	0.0568488	0.186393	1316.61	1583.04	
0.214974	0.139844	1.48882	0.487476	0.15138	0.49816	1077.38	386.894	
0.253561	0.170829	0.989733	0.706633	-0.00958198	0.736634	1481.21	2406.05	
0.253647	0.20443	0.989854	0.710945	-0.0397369	0.742692	1477.99	2389.93	
0.253662	0.238509	0.989875	0.711683	-0.045974	0.743732	1476.56	2382.81	
0.253655	0.27269	0.989879	0.711337	-0.0471324	0.743963	1475.39	2376.94	
0.276074	0.170875	0.960896	0.122067	-0.00724888	0.544794	1835.23	4176.14	
0.276096	0.204934	0.960937	0.123165	-0.0145316	0.546826	1833.31	4166.53	
0.276078	0.239077	0.960963	0.122248	-0.0175973	0.548147	1832.4	4162.01	
0.276151	0.273248	0.961048	0.125897	-0.0192283	0.552425	1830.08	4150.38	
0.172899	0.169681	1.00611	0.0939262	-0.0669616	0.305415	2056.19	5280.95	
0.174821	0.170462	1.03695	0.190032	-0.0279356	0.137217	1827.37	4136.84	
0.174631	0.170084	1.06965	0.180544	-0.0468295	0.0619732	1774.99	3874.93	
0.174562	0.170011	1.10296	0.177096	-0.0504896	0.0173039	1767.02	3835.1	
0.172005	0.204595	1.006	0.0492469	-0.0314682	0.299962	2054.48	5272.42	
0.173902	0.205321	1.03683	0.144081	0.00480783	0.131472	1823.29	4116.43	
0.173624	0.204973	1.06962	0.130198	-0.0125684	0.0603648	1770.92	3854.6	
0.173582	0.204927	1.10289	0.128065	-0.0148805	0.0141141	1763.66	3818.31	
0.172125	0.238992	1.00592	0.0552272	-0.0218427	0.295846	2059.06	5295.28	
0.174027	0.239752	1.03682	0.150325	0.0161486	0.130905	1827.95	4139.75	
0.17376	0.239424	1.06959	0.136969	-0.000252302	0.0592598	1775.46	3877.29	
0.173711	0.239338	1.10294	0.134509	-0.00453977	0.016421	1768.53	3842.64	
0.172108	0.27326	1.00587	0.0543667	-0.0186469	0.293322	2062.92	5314.62	
0.173988	0.273989	1.03681	0.148368	0.0178334	0.130119	1834.25	4171.23	
0.173719	0.273662	1.06959	0.134945	0.00144598	0.0592714	1781.54	3907.71	
0.173686	0.273571	1.10297	0.133288	-0.003076	0.0178924	1773.7	3868.5	
0.218325	0.170381	1.00722	0.655029	-0.0319674	0.360763	1710.43	3552.16	
0.221156	0.17139	1.03767	0.796558	0.0184667	0.173529	1432.36	2161.78	
0.221217	0.171051	1.06955	0.79965	0.00150992	0.0569506	1393.76	1968.81	
0.221052	0.17096	1.10278	0.791355	-0.00300914	0.00842816	1383.84	1919.21	
0.218086	0.20433	1.0074	0.643066	-0.0447058	0.37024	1706.46	3532.29	
0.220866	0.205226	1.03779	0.782099	6.84598e-05	0.17943	1427.48	2137.4	
0.220918	0.204849	1.0696	0.784674	-0.0187659	0.0593552	1388.45	1942.24	
0.220814	0.204802	1.10273	0.77948	-0.0211215	0.00592773	1377.59	1887.93	
0.218181	0.238406	1.00741	0.647851	-0.0511209	0.370296	1705.42	3527.09	
0.22091	0.239293	1.0378	0.784291	-0.00678806	0.179799	1426.27	2131.33	
0.22096	0.238909	1.06959	0.786772	-0.0259615	0.0591799	1386.39	1931.95	
0.220851	0.238874	1.10272	0.781322	-0.0277135	0.00525787	1375.61	1878.03	
0.217995	0.27241	1.00763	0.638536	-0.0611122	0.381632	1706.36	3531.81	
0.220685	0.273758	1.03772	0.773048	0.00626524	0.175728	1430.99	2154.95	
0.220805	0.273266	1.06956	0.779042	-0.0183506	0.0576836	1390.47	1952.37	
0.220743	0.273183	1.10266	0.775948	-0.0224587	0.00251537	1378.93	1894.66	
0.175436	0.170056	1.13613	0.22078	-0.0481961	-0.0345545	1757.08	3785.39	
0.174469	0.169829	1.17074	0.172418	-0.0595901	-0.0142171	1752.51	3762.57	
0.174536	0.169896	1.20508	0.175776	-0.0561973	-0.00724398	1756.45	3782.24	
0.174551	0.169906	1.2393	0.176517	-0.0557326	-0.00640779	1757.36	3786.82	
0.174522	0.16994	1.27346	0.175088	-0.0540298	-0.00853137	1761.79	3808.93	
0.17457	0.204791	1.13593	0.177486	-0.0216553	-0.0442661	1753.08	3765.42	
0.173422	0.20471	1.17073	0.12007	-0.0257076	-0.0144067	1747.94	3739.71	
0.173505	0.204751	1.20509	0.124227	-0.0236854	-0.00647736	1751.9	3759.52	
0.173515	0.204765	1.23932	0.124717	-0.0229963	-0.00545738	1753	3765.01	
0.173531	0.204827	1.27342	0.125551	-0.0198533	-0.0107573	1758.28	3791.38	
0.174705	0.239183	1.13595	0.184246	-0.012272	-0.043379	1758.11	3790.54	
0.173565	0.239112	1.17072	0.127216	-0.0158346	-0.0149778	1752.95	3764.73	
0.173649	0.239177	1.20509	0.131433	-0.0126026	-0.00659792	1756.7	3783.5	
0.173657	0.2392	1.23932	0.131825	-0.0114193	-0.00565738	1757.78	3788.91	
0.173661	0.23923	1.27347	0.132029	-0.00992861	-0.0082724	1763.15	3815.76	
0.174464	0.27324	1.13617	0.172163	-0.0196397	-0.0322504	1763.72	3818.6	
0.173549	0.273378	1.17077	0.12642	-0.0127355	-0.0124912	1759.19	3795.95	
0.173617	0.273421	1.20511	0.12985	-0.010593	-0.00590755	1763	3815	
0.173624	0.273442	1.23933	0.130204	-0.00951641	-0.00491191	1763.85	3819.24	
0.173637	0.273465	1.2735	0.130853	-0.00839764	-0.00658874	1768.23	3841.13	
0.221421	0.170915	1.13647	0.809812	-0.00526271	-0.0174697	1380	1900.02	
0.221115	0.170858	1.17053	0.794518	-0.00811281	-0.0244559	1375.97	1879.86	
0.22111	0.170856	1.20465	0.794301	-0.0082128	-0.0288927	1375.12	1875.59	
0.221148	0.170842	1.23886	0.79618	-0.00893714	-0.0286635	1374.71	1873.53	
0.220988	0.170894	1.2732	0.788171	-0.00631682	-0.0217998	1378.44	1892.18	
0.221197	0.204696	1.1365	0.798643	-0.0264464	-0.0157729	1374.07	1870.35	
0.220822	0.204604	1.17055	0.779883	-0.0310397	-0.0236397	1369.7	1848.51	
0.220813	0.204598	1.20466	0.779428	-0.0313158	-0.0283211	1368.84	1844.21	
0.220855	0.204592	1.23885	0.781531	-0.0316342	-0.0288728	1368.64	1843.22	
0.22075	0.204698	1.27312	0.776261	-0.0263219	-0.0256162	1371.87	1859.34	
0.221247	0.238736	1.13649	0.801112	-0.0346337	-0.0161917	1371.88	1859.39	
0.220869	0.238622	1.17055	0.782217	-0.0403188	-0.0235388	1367.6	1838	
0.220858	0.238623	1.20466	0.781654	-0.0403005	-0.0283951	1366.7	1833.49	
0.220896	0.238625	1.23884	0.78359	-0.0401772	-0.0292064	1366.69	1833.47	
0.220787	0.238757	1.2731	0.778143	-0.0335556	-0.0263926	1369.88	1849.39	
0.221054	0.273073	1.13654	0.791471	-0.0279652	-0.0138327	1375.07	1875.35	
0.220736	0.272955	1.17055	0.775594	-0.0338733	-0.0233712	1371.36	1856.81	
0.220741	0.272947	1.20467	0.775804	-0.0342976	-0.027716	1370.45	1852.26	
0.220769	0.272957	1.23886	0.777237	-0.0338002	-0.0286599	1370.41	1852.06	
0.220696	0.273049	1.27308	0.773591	-0.0291795	-0.0278326	1373.06	1865.29	
0.175431	0.170058	1.30693	0.220552	-0.0480983	-0.045443	1755.48	3777.41	
0.174462	0.169819	1.34169	0.172085	-0.0600606	-0.0174701	1752.02	3760.09	
0.174546	0.16988	1.37614	0.176257	-0.0570205	-0.00546903	1755.6	3778.02	
0.174284	0.169744	1.41119	0.163205	-0.0638198	0.0369618	1739.22	3696.09	
0.174565	0.204788	1.30674	0.177207	-0.0218172	-0.0550551	1751.47	3757.37	
0.173412	0.204695	1.34169	0.119572	-0.0264741	-0.0174658	1747.37	3736.85	
0.173519	0.204677	1.37617	0.124941	-0.0273518	-0.00358625	1751.01	3755.05	
0.173277	0.204759	1.41098	0.112807	-0.0232853	0.0265422	1733.79	3668.95	
0.174701	0.239175	1.30675	0.184015	-0.0126627	-0.0541284	1756.53	3782.64	
0.173555	0.239087	1.34168	0.126734	-0.0170616	-0.0178052	1752.39	3761.96	
0.173664	0.239126	1.37614	0.132174	-0.0151271	-0.00514511	1756.16	3780.79	
0.173412	0.23916	1.41103	0.119599	-0.013412	0.0290651	1739	3694.98	
0.174456	0.273208	1.307	0.17177	-0.0212079	-0.0419983	1762.07	3810.35	
0.17354	0.273359	1.34173	0.125965	-0.0136842	-0.0153878	1758.66	3793.32	
0.17363	0.273368	1.37617	0.130469	-0.0132414	-0.00386574	1762.37	3811.83	
0.173411	0.273386	1.41106	0.119541	-0.0123504	0.0303623	1744.78	3723.92	
0.221404	0.170917	1.30727	0.808967	-0.00515132	-0.0284776	1378.46	1892.3	
0.221104	0.170849	1.34149	0.793993	-0.00858876	-0.0273926	1375.38	1876.88	
0.221035	0.170841	1.37582	0.790508	-0.00896939	-0.0211709	1373.67	1868.35	
0.220759	0.170705	1.41081	0.776719	-0.0157558	0.0179933	1354.34	1771.68	
0.221182	0.204691	1.30729	0.797881	-0.026692	-0.0273232	1372.45	1862.26	
0.220811	0.204585	1.34151	0.779311	-0.0319716	-0.0266828	1369.04	1845.22	
0.220745	0.204543	1.37584	0.776038	-0.0340607	-0.0200875	1367.54	1837.71	
0.220554	0.204668	1.4105	0.766458	-0.0278201	0.00243391	1345.78	1728.88	
0.221232	0.238723	1.30728	0.800373	-0.0352546	-0.0277629	1370.28	1851.39	
0.220858	0.238597	1.34151	0.781696	-0.0415918	-0.0265427	1366.99	1834.93	
0.22079	0.238594	1.37581	0.77827	-0.0417409	-0.0219514	1366.03	1830.16	
0.22059	0.23874	1.41049	0.768265	-0.0344514	0.00187004	1344.68	1723.4	
0.221037	0.273036	1.30736	0.790619	-0.0298194	-0.0239138	1373.41	1867.04	
0.220727	0.272933	1.34152	0.775114	-0.0349791	-0.026156	1370.78	1853.88	
0.220681	0.272917	1.37581	0.772809	-0.035798	-0.0219637	1369.76	1848.82	
0.220511	0.273029	1.41045	0.764333	-0.0301782	0.000191702	1348.48	1742.41	
0.174406	0.169552	1.44832	0.16927	-0.0734214	0.183318	1643.57	3217.84	
0.175101	0.170944	1.49376	0.204024	-0.00381583	0.745215	1310.82	1554.1	
0.173614	0.204018	1.44809	0.12966	-0.0603268	0.171794	1635.61	3178.05	
0.174611	0.20497	1.49376	0.179537	-0.0127156	0.745173	1301.39	1506.97	
0.17372	0.238256	1.44818	0.134992	-0.0586386	0.17627	1638.98	3194.89	
0.17463	0.239081	1.4938	0.180489	-0.0173796	0.747273	1301.82	1509.09	
0.173522	0.2723	1.44842	0.125072	-0.0666307	0.188107	1643.3	3216.5	
0.174616	0.273241	1.49388	0.179758	-0.0195636	0.751381	1304.14	1520.68	
0.219696	0.170837	1.44896	0.723577	-0.00918629	0.215158	1307.18	1535.88	
0.215906	0.171654	1.48973	0.534096	0.0316758	0.543629	1067.66	338.314	
0.219511	0.204438	1.44897	0.714332	-0.0392999	0.215611	1297.85	1489.26	
0.215784	0.205276	1.4897	0.527954	0.00258443	0.542242	1059.17	295.859	
0.219527	0.238412	1.44896	0.715138	-0.0508389	0.215447	1295.99	1479.93	
0.215734	0.23923	1.48967	0.525459	-0.00992092	0.540501	1057.09	285.434	
0.219468	0.272532	1.44881	0.712177	-0.0550381	0.207771	1297.4	1487.02	
0.215568	0.273519	1.4894	0.517171	-0.00566777	0.52736	1060.01	300.041	
0.253591	0.307271	0.989772	0.708115	-0.0282746	0.738593	1478.57	2392.83	
0.253653	0.34114	0.989865	0.711198	-0.0450467	0.743233	1477.43	2387.16	
0.253714	0.374997	0.989953	0.714271	-0.0624147	0.747663	1481.92	2409.6	
0.252282	0.406321	0.987865	0.642658	-0.206386	0.64323	1889.54	4447.69	
0.276076	0.307438	0.960964	0.122162	-0.0199112	0.54822	1832.34	4161.71	
0.276088	0.341644	0.960949	0.122793	-0.0198609	0.547438	1833.22	4166.11	
0.276027	0.375461	0.960769	0.119695	-0.0391951	0.538432	1846.26	4231.28	
0.275013	0.408636	0.958574	0.0690283	-0.0906589	0.428697	2201.6	6007.98	
0.173024	0.306627	1.00613	0.100178	-0.0604867	0.306254	2056.32	5281.61	
0.174965	0.307387	1.03696	0.197209	-0.0224652	0.137973	1827.82	4139.09	
0.174797	0.30699	1.06967	0.188809	-0.042358	0.0629524	1775.1	3875.5	
0.174718	0.306888	1.10299	0.184867	-0.0474579	0.0186775	1766.81	3834.04	
0.171974	0.34151	1.00599	0.0476552	-0.026556	0.299502	2054.46	5272.32	
0.173861	0.342243	1.03683	0.142046	0.0101226	0.131533	1823.67	4118.35	
0.173574	0.341876	1.06962	0.127655	-0.00826349	0.0606393	1771.33	3856.66	
0.173538	0.341817	1.1029	0.125867	-0.0111732	0.014398	1763.99	3819.96	
0.171808	0.376032	1.00593	0.0393711	-0.0106638	0.296427	2058.14	5290.7	
0.173564	0.376669	1.03678	0.127157	0.0212235	0.128914	1827.11	4135.53	
0.173286	0.376301	1.06956	0.113276	0.00279378	0.0576113	1774.14	3870.68	
0.173242	0.376199	1.10294	0.111094	-0.00231041	0.0164385	1767.64	3838.18	
0.171588	0.411039	1.00594	0.0283738	0.0295097	0.297066	2384.61	6923.05	
0.172738	0.41188	1.03629	0.0858891	0.0715678	0.104164	2204.36	6021.79	
0.172381	0.411277	1.06935	0.0680435	0.041394	0.0473302	2157.73	5788.66	
0.17234	0.411192	1.10289	0.0659998	0.0371381	0.013767	2150.48	5752.42	
0.218471	0.306873	1.00728	0.662336	-0.0481907	0.363806	1707.41	3537.04	
0.221303	0.307851	1.03772	0.803925	0.000695443	0.175638	1429	2145.02	
0.221384	0.30744	1.06956	0.807965	-0.0198391	0.0576422	1389.81	1949.05	
0.221223	0.307321	1.10281	0.799939	-0.0258002	0.010094	1379.37	1896.87	
0.218077	0.341066	1.00743	0.642633	-0.0487486	0.371512	1706.14	3530.69	
0.220845	0.341934	1.03779	0.781009	-0.00534222	0.179494	1428.05	2140.23	
0.220901	0.34152	1.0696	0.783803	-0.0260416	0.0594974	1389.51	1947.55	
0.2208	0.341469	1.10271	0.778762	-0.0285888	0.00465257	1378.55	1892.77	
0.217752	0.374967	1.00739	0.626384	-0.0638857	0.369655	1713.39	3566.96	
0.220621	0.375633	1.03767	0.769824	-0.0305902	0.173481	1431.95	2159.77	
0.220635	0.375096	1.06953	0.770518	-0.0574666	0.0560675	1394.12	1970.6	
0.2206	0.374987	1.10264	0.768758	-0.0628796	0.00163285	1383.22	1916.1	
0.215618	0.408185	1.00682	0.519683	-0.113218	0.340922	2076.38	5381.89	
0.217918	0.408471	1.03682	0.634666	-0.0988849	0.13088	1836.71	4183.53	
0.21778	0.407734	1.06932	0.627789	-0.135732	0.0453601	1798.69	3993.43	
0.217878	0.407665	1.10256	0.632678	-0.139179	-0.00250031	1788.67	3943.36	
0.175606	0.30689	1.13613	0.229285	-0.0473326	-0.0343161	1756.41	3782.06	
0.174641	0.30667	1.17073	0.181026	-0.0583213	-0.0143672	1751.74	3758.72	
0.174709	0.306738	1.20507	0.184431	-0.054949	-0.00755583	1755.78	3778.89	
0.174718	0.306748	1.2393	0.184865	-0.0544282	-0.00654644	1756.74	3783.71	
0.174679	0.306778	1.27346	0.182908	-0.0529338	-0.00841627	1761.15	3805.75	
0.174521	0.341672	1.13594	0.175019	-0.0184596	-0.0438215	1753.32	3766.59	
0.17342	0.341622	1.17074	0.119971	-0.0209253	-0.0140316	1747.91	3739.54	
0.173445	0.341627	1.2051	0.121211	-0.0206794	-0.00637037	1752.04	3760.22	
0.173463	0.341643	1.23932	0.122114	-0.0198861	-0.00546778	1753.19	3765.93	
0.173488	0.341704	1.27342	0.123392	-0.0168518	-0.0107471	1758.46	3792.32	
0.174146	0.376039	1.13594	0.156281	-0.0103191	-0.0438219	1758.11	3790.55	
0.173064	0.375969	1.17074	0.102157	-0.0138115	-0.014247	1752.77	3763.85	
0.173156	0.376024	1.2051	0.106799	-0.011026	-0.00617829	1756.33	3781.63	
0.173168	0.376049	1.23932	0.10739	-0.00981596	-0.00521424	1757.28	3786.4	
0.173189	0.376081	1.27348	0.108446	-0.00820782	-0.0076497	1762.4	3811.99	
0.173026	0.410821	1.13614	0.100259	0.0185898	-0.033712	2140.9	5704.5	
0.172198	0.410959	1.17081	0.0589028	0.0255248	-0.0104493	2139.03	5695.13	
0.172271	0.411005	1.20514	0.062508	0.0277994	-0.00446206	2141.94	5709.71	
0.172272	0.411028	1.23937	0.0625731	0.0289414	-0.00304669	2142.7	5713.48	
0.172291	0.411068	1.27354	0.0635532	0.030962	-0.00441124	2145.8	5728.98	
0.2216	0.307207	1.13648	0.818753	-0.0314883	-0.0165745	1375.11	1875.54	
0.221293	0.307137	1.17053	0.803421	-0.0349756	-0.0246146	1370.95	1854.77	
0.221287	0.307135	1.20463	0.803133	-0.0350793	-0.0294867	1370.01	1850.06	
0.22132	0.307139	1.23883	0.804752	-0.0348834	-0.0301429	1369.79	1848.95	
0.221157	0.307207	1.27319	0.796646	-0.0314845	-0.0218886	1373.5	1867.5	
0.221171	0.341301	1.13653	0.797346	-0.0370026	-0.0143105	1375.15	1875.76	
0.220816	0.341229	1.17056	0.779566	-0.0405882	-0.0232635	1370.97	1854.83	
0.220799	0.341224	1.20466	0.778713	-0.040817	-0.0281114	1369.84	1849.18	
0.220837	0.341219	1.23885	0.780629	-0.0410997	-0.0289797	1369.74	1848.68	
0.220735	0.341345	1.27309	0.775518	-0.0348019	-0.0271767	1372.74	1863.71	
0.220801	0.374721	1.13665	0.778802	-0.0762115	-0.00846986	1380.61	1903.07	
0.22055	0.37474	1.17058	0.766287	-0.0752336	-0.0218307	1376.72	1883.58	
0.22055	0.374723	1.20468	0.766265	-0.0760964	-0.0271801	1375.61	1878.07	
0.220584	0.374729	1.23886	0.767978	-0.0758081	-0.028529	1375.76	1878.81	
0.220543	0.37484	1.27306	0.765916	-0.0702302	-0.0285504	1377.73	1888.66	
0.218026	0.407448	1.1366	0.6401	-0.150063	-0.0107103	1784.66	3923.28	
0.217725	0.407355	1.17066	0.625011	-0.154717	-0.0180032	1781.79	3908.93	
0.217759	0.407339	1.20479	0.626737	-0.1555	-0.0217128	1781.04	3905.19	
0.217782	0.407344	1.23897	0.627852	-0.155251	-0.0228637	1781.45	3907.27	
0.217859	0.4075	1.27309	0.631745	-0.147458	-0.0270227	1783.48	3917.4	
0.175602	0.306876	1.30692	0.229075	-0.0480317	-0.0458635	1754.65	3773.27	
0.174632	0.306648	1.34169	0.180598	-0.0594533	-0.0176222	1751.14	3755.72	
0.174707	0.306684	1.37616	0.184343	-0.0576114	-0.00429681	1754.45	3772.25	
0.174416	0.306443	1.41131	0.169797	-0.0697066	0.0429361	1736.56	3682.79	
0.174515	0.341659	1.30674	0.174753	-0.019089	-0.0547827	1751.63	3758.17	
0.173409	0.341598	1.3417	0.119452	-0.0221166	-0.0169933	1747.27	3736.34	
0.17346	0.341523	1.37619	0.121986	-0.0259071	-0.00287642	1750.96	3754.81	
0.173235	0.341569	1.41096	0.110745	-0.0235807	0.0255543	1734.31	3671.55	
0.174142	0.376017	1.30676	0.156094	-0.011402	-0.0539819	1756.56	3782.81	
0.173054	0.375939	1.3417	0.101669	-0.0153058	-0.0168494	1752.19	3760.95	
0.173175	0.375961	1.37614	0.107749	-0.0141906	-0.00517402	1755.87	3779.34	
0.172906	0.375908	1.41092	0.0942616	-0.0168251	0.0234343	1742.8	3713.99	
0.173024	0.41078	1.30702	0.100192	0.0165272	-0.0410097	2139.5	5697.49	
0.17219	0.410937	1.34179	0.058502	0.0243976	-0.0125072	2138.58	5692.9	
0.172278	0.410948	1.37618	0.0628994	0.024973	-0.00343494	2141.44	5707.18	
0.172074	0.410892	1.41077	0.052694	0.0221435	0.0161776	2130.99	5654.96	
0.221581	0.30719	1.30727	0.817839	-0.0323313	-0.028408	1373.38	1866.92	
0.221278	0.307116	1.34149	0.80267	-0.0360353	-0.0276897	1370.28	1851.38	
0.221193	0.307112	1.37582	0.798417	-0.0362447	-0.021353	1368.56	1842.81	
0.220896	0.306916	1.41088	0.783557	-0.0460247	0.0217744	1347.91	1739.55	
0.221156	0.341284	1.30732	0.796562	-0.0378272	-0.0259965	1373.48	1867.42	
0.220803	0.341204	1.34151	0.778902	-0.0418288	-0.0263265	1370.28	1851.38	
0.220729	0.341147	1.37585	0.775206	-0.0447116	-0.0196384	1368.5	1842.52	
0.220537	0.341257	1.41045	0.765635	-0.0391884	9.51189e-05	1347.39	1736.97	
0.220787	0.374697	1.30745	0.77815	-0.0773999	-0.0192963	1379.07	1895.35	
0.220542	0.374708	1.34155	0.765861	-0.0768687	-0.0245957	1376.09	1880.46	
0.220491	0.374674	1.3758	0.76333	-0.0785411	-0.0221144	1375.09	1875.43	
0.220363	0.374721	1.41033	0.756938	-0.0762094	-0.0056998	1357.26	1786.31	
0.218024	0.407401	1.30745	0.639958	-0.152375	-0.0191405	1783.22	3916.12	
0.217722	0.407328	1.34163	0.62487	-0.156071	-0.0204707	1781.3	3906.48	
0.217715	0.407292	1.37586	0.624505	-0.157858	-0.019261	1780.84	3904.2	
0.217765	0.407379	1.41017	0.62704	-0.153492	-0.0138577	1768.87	3844.34	
0.17454	0.305936	1.44847	0.175982	-0.0950441	0.19068	1637.67	3188.36	
0.175217	0.307022	1.49384	0.209817	-0.0407525	0.74927	1302.93	1514.66	
0.173587	0.340642	1.44808	0.128309	-0.0699406	0.171471	1637.5	3187.51	
0.174587	0.341426	1.49376	0.178319	-0.0307324	0.745049	1304.91	1524.54	
0.173226	0.374602	1.44775	0.110272	-0.0821303	0.154836	1649.42	3247.12	
0.174182	0.374473	1.49365	0.1581	-0.0885811	0.73949	1313.98	1569.91	
0.172038	0.409121	1.44658	0.0508668	-0.0664035	0.096306	2035.58	5177.91	
0.172338	0.406987	1.49127	0.0658709	-0.173084	0.62068	1720.47	3602.33	
0.219797	0.30679	1.44906	0.728634	-0.0523276	0.220161	1298.38	1491.9	
0.215895	0.307555	1.48969	0.533524	-0.0140635	0.541881	1059.1	295.512	
0.219509	0.34081	1.44894	0.714213	-0.0615239	0.21459	1301.25	1506.25	
0.215799	0.34159	1.48968	0.528721	-0.0225426	0.540919	1064.22	321.09	
0.219257	0.37372	1.44859	0.701618	-0.12622	0.1966	1310.52	1552.59	
0.215798	0.37359	1.48956	0.52866	-0.132729	0.535348	1070.65	353.253	
0.216833	0.406079	1.44682	0.580409	-0.218505	0.108471	1707.46	3537.28	
0.215355	0.404624	1.48922	0.506543	-0.291259	0.51835	1459.75	2298.77	
0.315099	0.106138	0.963165	0.363133	0.176298	0.658255	1744.82	3724.11	
0.315785	0.137682	0.963487	0.39743	0.0432737	0.674333	1338.36	1691.81	
0.349345	0.105706	0.937112	0.365217	0.154704	0.605614	1937.38	4686.91	
0.350173	0.137332	0.938265	0.406589	0.0257627	0.663228	1546.3	2731.51	
0.377606	0.104199	0.91007	0.0680631	0.0793227	0.503495	2175.6	5878	
0.378523	0.137089	0.911442	0.113914	0.0136302	0.572078	1821.39	4106.96	
0.417505	0.106146	0.913126	0.35279	0.176705	0.656309	1744.66	3723.28	
0.418116	0.137793	0.913579	0.383361	0.0488304	0.67896	1337.53	1687.63	
0.315927	0.170913	0.963777	0.404491	-0.0053851	0.688842	1328.43	1642.14	
0.315919	0.20479	0.963802	0.404092	-0.0217449	0.690075	1324.92	1624.59	
0.315917	0.238902	0.963798	0.404019	-0.0263387	0.689921	1323.92	1619.59	
0.315923	0.273077	0.963789	0.404289	-0.0277937	0.689452	1323.8	1619.01	
0.349728	0.171012	0.938768	0.384346	-0.00040535	0.688402	1537.52	2687.58	
0.349994	0.204739	0.938714	0.397637	-0.0242825	0.685689	1534.87	2674.36	
0.349967	0.238831	0.938758	0.396289	-0.029872	0.687892	1534.67	2673.37	
0.350076	0.272911	0.93866	0.401736	-0.0360947	0.683005	1533.23	2666.17	
0.378736	0.170422	0.911616	0.124576	-0.0299433	0.580805	1809.36	4046.81	
0.378303	0.204793	0.911745	0.102886	-0.0215603	0.587259	1806.44	4032.22	
0.378343	0.239001	0.911722	0.104898	-0.021377	0.586094	1807.49	4037.44	
0.378485	0.273074	0.911672	0.112028	-0.0279224	0.583597	1807.51	4037.53	
0.418329	0.170966	0.913711	0.394002	-0.00269652	0.68554	1328.64	1643.18	
0.418209	0.204817	0.913754	0.38801	-0.0203889	0.687721	1324.65	1623.26	
0.418237	0.238898	0.913751	0.389419	-0.0265466	0.687559	1323.57	1617.86	
0.418196	0.273173	0.913883	0.387337	-0.0230052	0.694138	1322.74	1613.69	
0.315938	0.307252	0.963795	0.405089	-0.0292599	0.689753	1324.78	1623.9	
0.315933	0.341412	0.96381	0.404806	-0.0314564	0.690487	1325.11	1625.55	
0.315968	0.374996	0.963922	0.406542	-0.0624525	0.696102	1334.19	1670.94	
0.314585	0.406227	0.962419	0.337426	-0.211075	0.620952	1749.55	3747.75	
0.349756	0.307391	0.938827	0.385784	-0.0222984	0.691331	1534.01	2670.07	
0.350004	0.341382	0.938723	0.39816	-0.0329373	0.686158	1534.85	2674.24	
0.350204	0.375146	0.938613	0.408183	-0.0549365	0.680633	1544.98	2724.92	
0.348802	0.406638	0.936195	0.338056	-0.19054	0.559736	1944.42	4722.12	
0.37878	0.306906	0.911709	0.126745	-0.0465354	0.585448	1805.84	4029.18	
0.378309	0.341468	0.911741	0.103191	-0.0286384	0.587074	1806.62	4033.1	
0.378335	0.375408	0.911552	0.104494	-0.0418578	0.577582	1821.39	4106.96	
0.377467	0.408407	0.909211	0.0610858	-0.102108	0.460535	2182.89	5914.45	
0.418319	0.30733	0.913743	0.393506	-0.0253198	0.68716	1324.98	1624.89	
0.418225	0.341439	0.913761	0.388799	-0.03008	0.68806	1324.91	1624.56	
0.418311	0.374974	0.91387	0.393078	-0.063557	0.693502	1334.05	1670.25	
0.417006	0.406218	0.912387	0.32785	-0.211566	0.619348	1749.1	3745.51	
0.549282	0.104247	0.8353	0.100822	0.0817413	0.514983	2160.57	5802.84	
0.549855	0.137187	0.836874	0.1295	0.0185532	0.59372	1801.85	4009.26	
0.451938	0.105727	0.887139	0.364242	0.155762	0.606966	1936.57	4682.85	
0.452633	0.137451	0.888402	0.399004	0.0317394	0.670114	1546.03	2730.17	
0.480134	0.104196	0.860083	0.0638538	0.0791945	0.504157	2178.26	5891.28	
0.481011	0.137071	0.861465	0.107707	0.0127145	0.573273	1825.3	4126.48	
0.518946	0.105798	0.863399	0.294263	0.159293	0.669951	1764.8	3824	
0.519498	0.137906	0.864113	0.321837	0.054464	0.705652	1357.98	1789.89	
0.549763	0.170688	0.836997	0.124883	-0.0166128	0.599872	1791.82	3959.09	
0.549955	0.204856	0.836932	0.134465	-0.0184458	0.596603	1788.77	3943.83	
0.549939	0.239038	0.836941	0.133662	-0.0195294	0.597053	1788.37	3941.86	
0.549948	0.273225	0.836936	0.134134	-0.020361	0.596795	1789.07	3945.34	
0.452318	0.171041	0.888782	0.383224	0.00100803	0.689123	1537.46	2687.28	
0.45258	0.204753	0.88874	0.396332	-0.0235623	0.687007	1534.52	2672.6	
0.452544	0.238849	0.888791	0.394541	-0.028978	0.689541	1533.79	2668.93	
0.452544	0.273017	0.888794	0.394525	-0.030787	0.689681	1532.87	2664.37	
0.481156	0.17046	0.861605	0.114939	-0.0280344	0.580263	1815.23	4076.14	
0.480784	0.204808	0.861745	0.0963408	-0.0208088	0.587262	1812.18	4060.88	
0.480815	0.239025	0.861735	0.0978795	-0.0201972	0.586769	1812.21	4061.07	
0.480957	0.273073	0.861693	0.105016	-0.0279904	0.584654	1811.96	4059.82	
0.51941	0.170993	0.86434	0.317435	-0.0013712	0.717	1351.1	1755.48	
0.519364	0.204821	0.864355	0.31513	-0.0201558	0.717749	1346.68	1733.42	
0.519388	0.238895	0.864353	0.316351	-0.026667	0.717665	1345.36	1726.78	
0.519578	0.273372	0.864386	0.325828	-0.0130097	0.719299	1345.36	1726.78	
0.549744	0.307242	0.837082	0.123948	-0.0297194	0.604123	1788.61	3943.03	
0.549958	0.341579	0.836935	0.134637	-0.0231104	0.59676	1788.78	3943.92	
0.549837	0.375515	0.836921	0.128568	-0.0365096	0.596031	1801.95	4009.76	
0.549083	0.408366	0.834379	0.0908826	-0.104172	0.468959	2169.47	5847.33	
0.452341	0.307415	0.888847	0.38438	-0.0210882	0.692341	1533.88	2669.41	
0.452592	0.341392	0.888749	0.396932	-0.0324321	0.687436	1534.52	2672.6	
0.452794	0.375147	0.888637	0.407026	-0.0548918	0.681863	1544.57	2722.85	
0.451402	0.406631	0.886213	0.337428	-0.190879	0.560671	1944.1	4720.51	
0.481198	0.306948	0.861699	0.117058	-0.0444218	0.584972	1811.71	4058.56	
0.480791	0.341483	0.861741	0.0967042	-0.0278775	0.58703	1812.36	4061.8	
0.480834	0.375428	0.861552	0.0988291	-0.0408579	0.57761	1826.22	4131.09	
0.480013	0.408431	0.859208	0.0578109	-0.100888	0.460417	2186.14	5930.72	
0.519412	0.307361	0.864364	0.317536	-0.0237628	0.718223	1347.73	1738.64	
0.51937	0.341431	0.86437	0.315464	-0.0305123	0.718507	1347.14	1735.7	
0.519458	0.375024	0.864469	0.319817	-0.0610691	0.723427	1354.07	1770.33	
0.518611	0.406591	0.86261	0.277482	-0.192913	0.630481	1769.06	3845.31	
0.588649	0.106119	0.838072	0.359002	0.175317	0.653624	1746.85	3734.26	
0.589286	0.137723	0.838391	0.390817	0.0453275	0.669556	1340.81	1704.05	
0.622981	0.105708	0.812113	0.365393	0.154783	0.605669	1937.34	4686.7	
0.623807	0.137331	0.813265	0.406689	0.0257449	0.663263	1546.21	2731.05	
0.651239	0.104199	0.78507	0.0680746	0.0793228	0.503481	2175.61	5878.03	
0.652156	0.137089	0.786441	0.113925	0.0136238	0.572071	1821.43	4107.13	
0.691138	0.106147	0.788126	0.352822	0.176759	0.656285	1744.6	3723.02	
0.691753	0.137793	0.788575	0.383589	0.0488501	0.67873	1337.2	1686	
0.72557	0.105718	0.762139	0.364205	0.155299	0.606965	1936.89	4684.44	
0.726381	0.137317	0.763299	0.404763	0.0250341	0.664975	1546.38	2731.89	
0.589361	0.170919	0.838679	0.394577	-0.00504701	0.683932	1330.55	1652.76	
0.589383	0.204779	0.838706	0.395689	-0.0222671	0.685307	1327.13	1635.63	
0.589402	0.238907	0.838706	0.396628	-0.0260962	0.685294	1326.35	1631.74	
0.589404	0.273092	0.838703	0.396737	-0.02703	0.685159	1326.06	1630.32	
0.623359	0.171014	0.813772	0.384267	-0.00032808	0.68858	1537.4	2686.98	
0.623624	0.204738	0.813717	0.397515	-0.024318	0.685843	1534.76	2673.8	
0.623598	0.238831	0.81376	0.396212	-0.0298848	0.687994	1534.58	2672.92	
0.623708	0.27291	0.813662	0.401731	-0.0361151	0.683081	1533.14	2665.68	
0.652369	0.170422	0.786617	0.12456	-0.0299292	0.580859	1809.38	4046.92	
0.651936	0.204793	0.786746	0.102904	-0.0215647	0.587284	1806.44	4032.19	
0.651976	0.239001	0.786722	0.104899	-0.0213895	0.586113	1807.49	4037.45	
0.652118	0.273074	0.786672	0.112023	-0.0279418	0.58361	1807.53	4037.66	
0.691965	0.170969	0.788706	0.394156	-0.00259243	0.685312	1328.54	1642.72	
0.691846	0.204812	0.788751	0.388207	-0.0206233	0.687551	1324.21	1621.06	
0.691871	0.238897	0.788751	0.389457	-0.0265925	0.687532	1323.51	1617.56	
0.691833	0.273172	0.788879	0.387548	-0.0230506	0.693928	1322.45	1612.27	
0.726205	0.17078	0.763698	0.395955	-0.0120284	0.684879	1536.17	2680.86	
0.726205	0.204691	0.763755	0.395945	-0.0266546	0.68777	1533.79	2668.97	
0.72618	0.238823	0.763791	0.394693	-0.0302997	0.689545	1533.95	2669.74	
0.72628	0.27289	0.763699	0.399692	-0.037133	0.684974	1533.17	2665.87	
0.589378	0.307266	0.838699	0.39543	-0.0285582	0.684971	1326.95	1634.74	
0.589386	0.341409	0.838713	0.395821	-0.0316085	0.685669	1327.23	1636.15	
0.589474	0.374966	0.838815	0.400239	-0.063935	0.690759	1336.79	1683.97	
0.58816	0.406262	0.83734	0.334514	-0.20933	0.616984	1751.39	3756.97	
0.623386	0.307391	0.813831	0.385616	-0.0222686	0.691564	1533.88	2669.39	
0.623636	0.34138	0.813725	0.398115	-0.0330576	0.686267	1534.74	2673.71	
0.623839	0.375145	0.813613	0.40827	-0.0549866	0.680653	1544.9	2724.52	
0.622439	0.406637	0.811194	0.338263	-0.190601	0.559708	1944.4	4722	
0.652413	0.306906	0.78671	0.126751	-0.0465255	0.585515	1805.82	4029.11	
0.651942	0.341467	0.786742	0.103233	-0.0286729	0.587088	1806.58	4032.91	
0.651968	0.375407	0.786551	0.104508	-0.0418904	0.577575	1821.39	4106.97	
0.651099	0.408407	0.78421	0.0610974	-0.10211	0.460517	2182.9	5914.48	
0.691984	0.307304	0.788725	0.395108	-0.0266271	0.686226	1324.97	1624.86	
0.691861	0.34143	0.788759	0.388967	-0.0305202	0.687966	1324.45	1622.23	
0.691944	0.374971	0.78887	0.393105	-0.0636943	0.693498	1334.03	1670.13	
0.690639	0.406217	0.787387	0.327861	-0.211601	0.61935	1749.09	3745.45	
0.726204	0.307176	0.763774	0.395909	-0.0330133	0.688716	1532.64	2663.21	
0.726218	0.341336	0.763762	0.396605	-0.0352228	0.68809	1533.81	2669.07	
0.72643	0.37513	0.763636	0.407217	-0.0557402	0.681811	1544.43	2722.17	
0.725036	0.406627	0.761213	0.337493	-0.191091	0.56067	1944.04	4720.21	
0.753835	0.104195	0.735076	0.0672652	0.079156	0.50381	2175.38	5876.91	
0.754558	0.137216	0.736506	0.103432	0.0199892	0.575278	1822.46	4112.28	
0.793523	0.106092	0.738304	0.341477	0.174004	0.665184	1763.65	3818.24	
0.794043	0.137698	0.7389	0.367453	0.0440927	0.694993	1359.9	1799.48	
0.819885	0.103651	0.70798	-0.0506252	0.051954	0.399019	2537.93	7689.63	
0.819934	0.136812	0.709251	-0.0481842	-0.000195852	0.462549	2273.1	6365.49	
0.754945	0.17045	0.736574	0.122746	-0.0285417	0.578688	1810.8	4053.99	
0.754476	0.204815	0.736753	0.0993125	-0.0204888	0.587628	1807.07	4035.37	
0.754524	0.239008	0.736729	0.101711	-0.0210412	0.586461	1807.41	4037.03	
0.754516	0.273202	0.736728	0.101336	-0.0215161	0.586388	1808.66	4043.31	
0.793953	0.171217	0.739225	0.362962	0.00980682	0.711272	1352.87	1764.36	
0.794097	0.204847	0.739102	0.370171	-0.0188584	0.705099	1350.8	1754.02	
0.794093	0.238919	0.739123	0.369957	-0.0254585	0.706136	1349.32	1746.59	
0.794048	0.273169	0.739251	0.3677	-0.0231704	0.712535	1347.51	1737.55	
0.819578	0.17088	0.709483	-0.0660092	-0.0070115	0.47414	2265.68	6328.42	
0.819599	0.205002	0.709482	-0.064947	-0.011139	0.474113	2265.47	6327.34	
0.819574	0.239185	0.709507	-0.0661967	-0.0121531	0.475351	2265.18	6325.91	
0.81974	0.273217	0.709429	-0.0578904	-0.0207672	0.471425	2265.23	6326.16	
0.754978	0.306938	0.736671	0.124392	-0.0449154	0.583548	1807.26	4036.32	
0.754485	0.341489	0.736748	0.0997581	-0.0275878	0.587394	1807.23	4036.14	
0.754531	0.375419	0.736557	0.102081	-0.0413075	0.577851	1821.4	4107.02	
0.753697	0.408416	0.734214	0.0603545	-0.101641	0.460725	2182.86	5914.29	
0.79394	0.307601	0.739257	0.362326	-0.0118079	0.712847	1349.64	1748.19	
0.794114	0.341483	0.73911	0.370993	-0.0279041	0.705483	1351.06	1755.3	
0.794256	0.375074	0.739181	0.378127	-0.0585399	0.709069	1357.23	1786.16	
0.793057	0.406295	0.737522	0.318173	-0.207715	0.626121	1767.71	3838.55	
0.819544	0.307537	0.709542	-0.0676991	-0.0149706	0.477081	2263.89	6319.47	
0.819604	0.341748	0.709478	-0.0647055	-0.0146409	0.473893	2265.55	6327.75	
0.819773	0.375849	0.70929	-0.0562437	-0.019787	0.464513	2273.36	6366.8	
0.820014	0.409155	0.707222	-0.0442186	-0.0646823	0.361121	2542.79	7713.93	
