x	y	z	U	V	W	Ro	P	
0.100598	0.10058	1.00922	-0.0755633	-0.0764674	0.314281	2664.67	8323.33	
0.100174	0.100149	1.03838	-0.0956788	-0.0968948	0.189093	2655.84	8279.18	
0.100535	0.100514	1.0702	-0.0767897	-0.0778644	0.0833115	2598.23	7991.13	
0.100519	0.100486	1.10327	-0.0765576	-0.0781906	0.0317854	2580.75	7903.75	
0.100913	0.135195	1.00806	-0.0583752	-0.0719967	0.267033	2393.45	6967.24	
0.100526	0.136446	1.03858	-0.0777306	-0.018021	0.196661	2361.4	6806.98	
0.100966	0.135724	1.07038	-0.0549243	-0.0466276	0.0915757	2291.98	6459.91	
0.100982	0.135787	1.10327	-0.053757	-0.0442226	0.0329802	2270.97	6354.85	
0.135466	0.101255	1.0081	-0.0567756	-0.043446	0.270437	2365.12	6825.62	
0.137102	0.100599	1.03875	0.0139912	-0.0737015	0.203441	2326.7	6633.48	
0.136354	0.101205	1.07049	-0.0139668	-0.0446996	0.0966933	2252.39	6261.94	
0.136422	0.101171	1.10334	-0.011509	-0.0456933	0.036502	2230.33	6151.64	
0.135459	0.135026	1.00742	-0.0543769	-0.0763055	0.244638	1996.95	4984.74	
0.137094	0.136362	1.03935	0.0157275	-0.0207701	0.229315	1923.64	4618.19	
0.13664	0.135854	1.07089	0.00170411	-0.0378646	0.115695	1844.05	4220.23	
0.136819	0.135948	1.10349	0.00928982	-0.0344035	0.045405	1816.87	4084.34	
0.100535	0.100451	1.13717	-0.0767694	-0.08096	0.0166067	2573.83	7869.17	
0.100527	0.1005	1.17111	-0.0761443	-0.0774696	0.00435706	2574.61	7873.06	
0.10053	0.100497	1.20523	-0.0760544	-0.0777025	0.000465398	2573.82	7869.09	
0.100522	0.100493	1.23942	-0.0764379	-0.0779089	-0.000430376	2574	7869.99	
0.100555	0.100523	1.27365	-0.0747827	-0.0764158	0.000859608	2571.33	7856.64	
0.101031	0.135592	1.13703	-0.0517064	-0.0525626	0.0106601	2261.23	6306.13	
0.101051	0.135609	1.17109	-0.0506886	-0.0518216	0.00357088	2260.49	6302.45	
0.101045	0.13559	1.20523	-0.0510258	-0.052658	0.000336014	2259.71	6298.55	
0.101033	0.135583	1.2394	-0.0516063	-0.0530526	-0.00129931	2260.47	6302.36	
0.101032	0.13569	1.27349	-0.0512594	-0.0487556	-0.00573345	2258.27	6291.36	
0.136453	0.101238	1.13718	-0.00848301	-0.0428985	0.0177592	2213.23	6066.17	
0.136383	0.101322	1.171	-0.0119062	-0.0389665	-0.000954373	2212.56	6062.82	
0.136254	0.101288	1.20522	-0.0182749	-0.0406278	-0.000344585	2216.85	6084.27	
0.136244	0.101284	1.23939	-0.0187438	-0.0408537	-0.00200401	2218.18	6090.88	
0.136314	0.101257	1.27349	-0.0164797	-0.0414908	-0.0051312	2216.68	6083.39	
0.136829	0.135742	1.13714	0.0121129	-0.0424076	0.016515	1794.56	3972.8	
0.136771	0.135756	1.17096	0.00905384	-0.0419283	-0.00272853	1795.29	3976.47	
0.136628	0.135716	1.20519	0.00195599	-0.0438293	-0.00158512	1799.82	3999.08	
0.136623	0.135715	1.23933	0.0016713	-0.0439313	-0.00458763	1801.92	4009.59	
0.136741	0.135833	1.27335	0.00581915	-0.0396938	-0.0102923	1798.86	3994.31	
0.100606	0.10052	1.30792	-0.0733449	-0.0776242	0.0032868	2570.5	7852.49	
0.100523	0.100497	1.34205	-0.0763139	-0.0776436	0.000559536	2573.65	7868.25	
0.100537	0.100505	1.37626	-0.0757121	-0.077296	0.00102718	2572.01	7860.05	
0.10069	0.100648	1.41085	-0.0680676	-0.0701249	0.0204244	2547.44	7737.18	
0.101121	0.135578	1.30772	-0.0473388	-0.0532027	-0.00537324	2256.71	6283.53	
0.101049	0.1356	1.34201	-0.0507718	-0.0522615	-0.00167384	2258.98	6294.91	
0.101061	0.135577	1.37626	-0.0501954	-0.053306	0.00109721	2257	6285.01	
0.101275	0.135794	1.41097	-0.0391009	-0.043515	0.0280672	2219.85	6099.25	
0.136456	0.101318	1.30785	-0.00828646	-0.0389943	0.000918523	2208.61	6043.03	
0.136372	0.101325	1.34191	-0.0124038	-0.0387914	-0.00637933	2211	6054.99	
0.136234	0.101318	1.37625	-0.0192759	-0.0391502	0.00048186	2214.28	6071.38	
0.136486	0.101489	1.41101	-0.00787271	-0.0299062	0.0303767	2178.22	5891.11	
0.136846	0.135743	1.30772	0.0129739	-0.0423005	-0.00512746	1788.44	3942.19	
0.13677	0.135747	1.34183	0.00902599	-0.0423247	-0.0101649	1792.77	3963.85	
0.136621	0.135713	1.37629	0.00155135	-0.0440699	0.00262448	1795.88	3979.41	
0.13702	0.136082	1.41152	0.0198088	-0.027223	0.0573295	1741.55	3707.77	
0.101555	0.101481	1.44904	-0.0254145	-0.0290818	0.217312	2393.18	6965.89	
0.105575	0.105509	1.4988	0.123381	0.120066	0.777465	2000.51	5002.55	
0.102459	0.135141	1.45087	0.0180985	-0.0668503	0.301357	2030.78	5153.89	
0.106577	0.137748	1.50151	0.162524	0.0449899	0.877895	1645.27	3226.35	
0.135899	0.102885	1.45118	-0.0250742	0.0348554	0.313521	1982.93	4914.66	
0.138833	0.106541	1.50096	0.0986676	0.161811	0.853257	1621.14	3105.71	
0.136954	0.135778	1.45396	0.0275087	-0.0317517	0.437557	1530.39	2651.96	
0.140795	0.139467	1.50378	0.187526	0.120929	0.964972	1255.73	1278.65	
0.101023	0.169828	1.00786	-0.0526081	-0.0549271	0.260813	2403.25	7016.25	
0.100313	0.171555	1.03845	-0.0860414	0.0183261	0.18938	2374.92	6874.61	
0.100892	0.17075	1.07054	-0.0583331	-0.0125692	0.0993034	2305.28	6526.42	
0.100989	0.170566	1.10355	-0.0537281	-0.0209902	0.0449189	2281.36	6406.79	
0.100787	0.204459	1.00783	-0.0645442	-0.0353828	0.257015	2410.13	7050.67	
0.100451	0.206041	1.03833	-0.0815328	0.0327443	0.184684	2379.05	6895.24	
0.100853	0.205298	1.07047	-0.0606089	0.00325537	0.0957905	2311.95	6559.77	
0.100875	0.205167	1.10344	-0.0590508	-0.00270854	0.0399857	2288.35	6441.73	
0.100786	0.238805	1.00779	-0.0645756	-0.0286762	0.254936	2412.76	7063.8	
0.100409	0.24039	1.03834	-0.0834887	0.0395858	0.185239	2381.9	6909.52	
0.100831	0.239647	1.07045	-0.0616923	0.0101927	0.0948095	2314.35	6571.77	
0.100863	0.239511	1.10346	-0.0596476	0.00390291	0.0409307	2291.26	6456.28	
0.10081	0.273093	1.00779	-0.0633572	-0.0245424	0.25526	2411.97	7059.85	
0.100434	0.274697	1.03834	-0.0822413	0.0446769	0.18507	2380.49	6902.43	
0.100871	0.273939	1.07045	-0.059696	0.0144876	0.0949216	2313.08	6565.42	
0.100887	0.273786	1.10346	-0.0584528	0.00735525	0.040683	2290.75	6453.77	
0.13575	0.16992	1.00743	-0.0392183	-0.0496981	0.247085	1992.73	4963.63	
0.13758	0.171219	1.03929	0.0385478	0.0059469	0.22629	1916.77	4583.86	
0.137095	0.170835	1.07107	0.0240855	-0.00786011	0.124238	1840.32	4201.58	
0.137327	0.170574	1.10379	0.0345477	-0.0192168	0.058025	1809.64	4048.19	
0.135692	0.20424	1.00731	-0.0426133	-0.045847	0.241574	2000.17	5000.84	
0.137611	0.20564	1.03928	0.0389354	0.013652	0.224542	1925.03	4625.13	
0.137083	0.205193	1.07111	0.0230073	-0.00231818	0.125591	1848.8	4244.01	
0.1373	0.205001	1.10372	0.0324078	-0.010918	0.0551204	1817.63	4088.13	
0.135579	0.238644	1.00725	-0.0483241	-0.0364386	0.238708	2009.9	5049.5	
0.137487	0.240114	1.03925	0.0326456	0.0263016	0.223043	1935.6	4678.02	
0.136946	0.239686	1.07108	0.0161324	0.0112616	0.12398	1858.9	4294.48	
0.137149	0.239455	1.10372	0.0248117	0.0009684	0.055185	1828.22	4141.08	
0.135833	0.27272	1.00723	-0.0377265	-0.0404333	0.236689	2009.06	5045.3	
0.137507	0.274439	1.0391	0.0337305	0.0322965	0.217524	1934.63	4673.14	
0.137104	0.273906	1.07101	0.0221021	0.0141022	0.121281	1857.54	4287.68	
0.137247	0.273733	1.10374	0.0283144	0.0062476	0.0559306	1827.23	4136.17	
0.101051	0.170333	1.13722	-0.0506785	-0.0318412	0.0192269	2271.26	6356.3	
0.101073	0.170376	1.17115	-0.049657	-0.029921	0.00647076	2269.3	6346.49	
0.101062	0.170363	1.20525	-0.050185	-0.0305187	0.00125575	2268.46	6342.31	
0.101043	0.17039	1.23941	-0.0510814	-0.029343	-0.000892853	2269.19	6345.95	
0.101094	0.170401	1.27366	-0.0486071	-0.0287663	0.00145096	2266.79	6333.96	
0.100941	0.204927	1.13717	-0.0560223	-0.0141327	0.0166013	2278.07	6390.37	
0.100888	0.204975	1.17114	-0.0587535	-0.0117902	0.00582632	2277.3	6386.5	
0.100941	0.204954	1.20525	-0.0561115	-0.0128002	0.00122216	2275.49	6377.43	
0.100926	0.20495	1.23943	-0.0568789	-0.012999	0.000155605	2275.87	6379.37	
0.100877	0.204989	1.27361	-0.058901	-0.0111647	-0.000915384	2274.65	6373.26	
0.10092	0.239297	1.13718	-0.0570592	-0.0063034	0.0170854	2281.06	6405.32	
0.100941	0.239339	1.17114	-0.0561269	-0.00429167	0.00595806	2279.28	6396.4	
0.100926	0.239316	1.20526	-0.0568923	-0.00538588	0.00154685	2278.41	6392.06	
0.100918	0.239317	1.23943	-0.0572844	-0.00535137	3.39729e-05	2278.73	6393.64	
0.100931	0.239331	1.27364	-0.0562558	-0.00464584	0.000375885	2276.78	6383.88	
0.100914	0.273657	1.13715	-0.0570952	0.00112116	0.0157864	2280.99	6404.95	
0.100974	0.273628	1.17114	-0.0545106	-0.000168153	0.00565999	2278.29	6391.44	
0.10096	0.273614	1.20525	-0.055179	-0.000790867	0.00138394	2277.42	6387.08	
0.100952	0.27361	1.23943	-0.0555888	-0.00102512	0.000149858	2277.64	6388.22	
0.100948	0.273611	1.27364	-0.0553593	-0.000969581	0.000425369	2276.17	6380.83	
0.137435	0.170408	1.13736	0.0418821	-0.0272546	0.0269653	1785	3925.02	
0.137333	0.17045	1.17103	0.036759	-0.0251822	0.000568597	1785.44	3927.22	
0.13717	0.170412	1.20521	0.0287063	-0.0271179	-0.00059604	1790.1	3950.52	
0.137146	0.170455	1.23934	0.0275071	-0.0252574	-0.00417238	1792.37	3961.87	
0.137244	0.170428	1.27352	0.0309252	-0.0261027	-0.00383488	1789.17	3945.85	
0.137364	0.204735	1.13734	0.0379528	-0.0234329	0.02578	1792.02	3960.1	
0.137257	0.204763	1.17102	0.0325182	-0.0220531	-0.000258444	1792.46	3962.28	
0.137092	0.204724	1.2052	0.0243271	-0.0240034	-0.00112972	1797.73	3988.66	
0.137063	0.204739	1.23936	0.0229596	-0.0233755	-0.00319073	1799.78	3998.92	
0.137191	0.204761	1.27342	0.0275692	-0.0223218	-0.00789733	1796.34	3981.7	
0.137205	0.239139	1.13734	0.0299541	-0.0140677	0.0258453	1802.76	4013.81	
0.137129	0.23918	1.17102	0.0260628	-0.0121131	-2.15529e-05	1802.81	4014.03	
0.136958	0.239154	1.20521	0.0175406	-0.0134253	-0.000533234	1808	4040.01	
0.13693	0.239185	1.23936	0.0161949	-0.0120416	-0.00339606	1809.99	4049.94	
0.137054	0.239186	1.27344	0.0206544	-0.0118861	-0.00735234	1806.83	4034.17	
0.137343	0.273449	1.1373	0.0350071	-0.00666612	0.0236989	1802.18	4010.89	
0.13726	0.273419	1.17102	0.0306844	-0.00829271	-8.99887e-05	1802.27	4011.35	
0.137107	0.273389	1.20521	0.0230775	-0.00975368	-0.000727975	1806.79	4033.96	
0.137084	0.273411	1.23936	0.0219686	-0.0088167	-0.00307411	1808.61	4043.07	
0.137182	0.273442	1.2735	0.0255695	-0.00758548	-0.00467092	1805.67	4028.36	
0.101173	0.17034	1.30782	-0.0447523	-0.0315029	-0.00155456	2265.65	6328.25	
0.101081	0.170341	1.34203	-0.04924	-0.0316317	-0.000285673	2267.23	6336.15	
0.101117	0.170338	1.37636	-0.0474174	-0.0319486	0.006179	2263.1	6315.49	
0.101575	0.169948	1.41186	-0.0250217	-0.0501046	0.069542	2212.77	6063.86	
0.101073	0.204924	1.30777	-0.0495804	-0.0142768	-0.00361387	2272.39	6361.94	
0.100887	0.204939	1.34203	-0.0587898	-0.0135927	-0.000364283	2275.07	6375.34	
0.10089	0.20482	1.37641	-0.0586794	-0.0194387	0.00805575	2270.1	6350.52	
0.101296	0.204822	1.41138	-0.0378813	-0.0193588	0.0471997	2216.01	6080.04	
0.101047	0.239291	1.30779	-0.0508594	-0.00656197	-0.00303081	2275.56	6377.82	
0.100943	0.239288	1.34205	-0.05605	-0.00679954	0.000195408	2277.05	6385.26	
0.100915	0.239226	1.37636	-0.0574297	-0.00987077	0.00575496	2274.08	6370.39	
0.101298	0.239238	1.41143	-0.0378642	-0.00924171	0.0492992	2220.38	6101.9	
0.101026	0.273593	1.30779	-0.0516403	-0.00197061	-0.00248959	2275.36	6376.8	
0.100975	0.27359	1.34204	-0.0544361	-0.00203842	-0.000134665	2276.1	6380.51	
0.100941	0.273533	1.37635	-0.0561543	-0.00488742	0.00547307	2273.25	6366.23	
0.101287	0.273494	1.4114	-0.0384326	-0.00682422	0.0481321	2222.44	6112.18	
0.13746	0.170415	1.3078	0.043193	-0.0269116	-0.00116846	1777.47	3887.33	
0.137327	0.17042	1.34186	0.0364818	-0.0266334	-0.00874874	1782.01	3910.03	
0.137161	0.170411	1.37642	0.0282751	-0.0274317	0.00902132	1782.61	3913.07	
0.137622	0.169975	1.41259	0.0499289	-0.0466037	0.106935	1715.01	3575.03	
0.137395	0.204734	1.30777	0.0395336	-0.0234743	-0.00269847	1784.33	3921.63	
0.137243	0.204714	1.34185	0.0318796	-0.0244889	-0.00914652	1788.48	3942.38	
0.137062	0.204532	1.37652	0.0228725	-0.0334928	0.0134412	1788.68	3943.38	
0.137622	0.204558	1.41205	0.0491524	-0.0321381	0.0828167	1714.12	3570.61	
0.137238	0.239121	1.30778	0.0316428	-0.0149518	-0.0023397	1795.2	3976.01	
0.137117	0.239095	1.34188	0.0254584	-0.0162944	-0.00792281	1798.73	3993.67	
0.136936	0.238999	1.37645	0.0164799	-0.021244	0.0101982	1799.79	3998.97	
0.137492	0.239006	1.41209	0.0425889	-0.0207832	0.0846174	1724.8	3624.01	
0.137369	0.273376	1.30779	0.0363682	-0.0101998	-0.00180579	1794.29	3971.47	
0.137254	0.273344	1.34188	0.0303926	-0.0119687	-0.00795355	1798.31	3991.56	
0.1371	0.273226	1.37644	0.0227258	-0.0180432	0.0099764	1798.85	3994.27	
0.137597	0.273236	1.41213	0.0463134	-0.017871	0.0859916	1727.3	3636.48	
0.102943	0.168741	1.45185	0.03748	-0.0947437	0.341735	2009.66	5048.3	
0.107078	0.17079	1.50179	0.185858	-0.00821717	0.891847	1628.94	3144.69	
0.102541	0.203114	1.45157	0.0223709	-0.0902846	0.33158	2015.06	5075.31	
0.107059	0.204685	1.50194	0.185318	-0.0234358	0.897573	1620.39	3101.95	
0.102587	0.237362	1.45167	0.0243531	-0.0884938	0.336337	2015.62	5078.09	
0.107096	0.238743	1.50197	0.187087	-0.0304657	0.898858	1618.84	3094.2	
0.102582	0.27163	1.45162	0.0244563	-0.0856255	0.334114	2018.32	5091.58	
0.107098	0.272871	1.50199	0.187193	-0.0342513	0.899766	1619.78	3098.89	
0.137628	0.169389	1.4551	0.0633342	-0.064906	0.484864	1500.77	2503.84	
0.141762	0.171513	1.50437	0.232917	0.0257319	0.991457	1235.04	1175.21	
0.137477	0.203116	1.45506	0.0564576	-0.0902264	0.483972	1493.41	2467.03	
0.141821	0.204904	1.50454	0.236421	-0.0131998	0.999433	1222.06	1110.29	
0.137355	0.237171	1.45519	0.0503226	-0.0976492	0.490136	1497.62	2488.11	
0.141803	0.238815	1.50459	0.235598	-0.0272558	1.00221	1220.38	1101.88	
0.137555	0.271266	1.45497	0.0562704	-0.0984465	0.481728	1500.34	2501.68	
0.141574	0.273206	1.5048	0.225163	-0.0192398	1.0103	1218.76	1093.82	
0.100983	0.307175	1.00772	-0.0551889	-0.0305113	0.253332	2411.15	7055.74	
0.100213	0.30905	1.0384	-0.0904573	0.0493809	0.186756	2384.56	6922.81	
0.100803	0.308194	1.07055	-0.0622699	0.01611	0.099353	2314.88	6574.41	
0.100918	0.307995	1.10356	-0.0568247	0.00696112	0.0454021	2290.97	6454.87	
0.100793	0.34159	1.00778	-0.064207	-0.0203656	0.254607	2409.48	7047.41	
0.100462	0.343238	1.0383	-0.081083	0.0508389	0.183449	2378.01	6890.03	
0.100862	0.342512	1.07046	-0.0602065	0.022185	0.0956101	2311.09	6555.43	
0.100878	0.342348	1.10348	-0.0589165	0.0147171	0.0415746	2287.86	6439.3	
0.10092	0.376424	1.00789	-0.0582704	0.00899303	0.25959	2392.4	6962.02	
0.10053	0.37804	1.03838	-0.0776351	0.078048	0.187192	2358.83	6794.14	
0.100946	0.377325	1.07043	-0.056047	0.0502085	0.0941884	2290.27	6451.35	
0.100955	0.377165	1.10345	-0.0552062	0.042801	0.0401085	2269.16	6345.82	
0.100875	0.411973	1.00862	-0.0639158	0.0530411	0.293182	2658.92	8294.59	
0.10044	0.414021	1.03809	-0.0849034	0.143276	0.172776	2658.79	8293.95	
0.100768	0.412871	1.0703	-0.0677042	0.092616	0.0877129	2596.12	7980.59	
0.100714	0.412772	1.10337	-0.068944	0.0871989	0.0363266	2576.39	7881.93	
0.135835	0.307246	1.0073	-0.0352894	-0.0266142	0.241436	1999.55	4997.77	
0.137654	0.308741	1.03927	0.0416378	0.0372309	0.224342	1922.66	4613.3	
0.137163	0.308278	1.0711	0.027243	0.0207797	0.124997	1846.03	4230.15	
0.137434	0.307977	1.10382	0.0395888	0.00746323	0.0596563	1815.04	4075.21	
0.135664	0.341422	1.00725	-0.0439682	-0.0284465	0.239066	2000.25	5001.24	
0.137555	0.342879	1.03924	0.036217	0.0336022	0.22289	1925.54	4627.69	
0.136995	0.342477	1.07111	0.0187011	0.0199017	0.125491	1849.61	4248.04	
0.13725	0.342196	1.10375	0.0299575	0.00722775	0.0564869	1818.79	4093.97	
0.135276	0.376373	1.0073	-0.0619308	0.00497693	0.240727	1996.21	4981.06	
0.137081	0.377763	1.0392	0.0146334	0.0652514	0.222088	1922.68	4613.38	
0.136463	0.377407	1.07101	-0.00559756	0.0526884	0.120861	1844.79	4223.93	
0.136711	0.377054	1.10364	0.0050589	0.0366906	0.0516517	1817.18	4085.9	
0.135662	0.411177	1.00762	-0.0482049	0.0140243	0.253596	2361.67	6808.36	
0.137145	0.4133	1.03836	0.0154165	0.107118	0.182644	2339.46	6697.31	
0.136436	0.412229	1.07061	-0.0112182	0.061268	0.101863	2260.62	6303.1	
0.136479	0.412049	1.10352	-0.00959096	0.0527668	0.0443892	2233.18	6165.9	
0.101001	0.307799	1.1372	-0.052722	-0.00225969	0.0182107	2280.64	6403.21	
0.101013	0.307812	1.17116	-0.0521678	-0.00175149	0.0066698	2278.42	6392.1	
0.101004	0.307791	1.20525	-0.0526149	-0.00276342	0.00142799	2277.54	6387.69	
0.100987	0.307791	1.23943	-0.0534086	-0.00279048	0.000273834	2277.79	6388.97	
0.101041	0.307784	1.27365	-0.0508104	-0.00301584	0.00115274	2275.54	6377.69	
0.100937	0.342219	1.13714	-0.0562301	0.00857996	0.0153914	2276.81	6384.05	
0.100951	0.342196	1.17112	-0.0556994	0.00750131	0.00501314	2274.72	6373.58	
0.100938	0.342169	1.20525	-0.0563123	0.00621062	0.00129557	2274.47	6372.33	
0.100928	0.342159	1.23943	-0.0567972	0.00572229	0.000255594	2274.74	6373.7	
0.100928	0.342157	1.27365	-0.0563723	0.00560323	0.000726019	2273.16	6365.79	
0.101016	0.377134	1.13703	-0.0527591	0.0401941	0.0113002	2258.21	6291.05	
0.101027	0.376997	1.17109	-0.0519542	0.0348702	0.00341162	2255.89	6279.45	
0.10102	0.376999	1.20523	-0.0523101	0.0349217	0.000426442	2255.43	6277.15	
0.101013	0.376993	1.23942	-0.052705	0.0346109	-0.00023722	2255.71	6278.57	
0.101014	0.376977	1.27363	-0.0522091	0.0338303	-0.0002645	2254.93	6274.66	
0.100687	0.412698	1.13718	-0.0702396	0.0837423	0.0170368	2568.48	7842.42	
0.100792	0.412606	1.17113	-0.0655684	0.0792541	0.00529672	2564.85	7824.26	
0.100778	0.4126	1.20524	-0.0662026	0.078967	0.000827605	2563.93	7819.64	
0.100775	0.412597	1.23942	-0.0663473	0.0788198	-0.000126593	2563.9	7819.51	
0.100761	0.412558	1.27367	-0.0666731	0.0769819	0.00177565	2563.31	7816.54	
0.137544	0.307816	1.13738	0.0470317	-0.000508264	0.0276489	1789.56	3947.82	
0.137448	0.307823	1.17104	0.042221	-0.000103686	0.00102319	1789.53	3947.63	
0.137278	0.307777	1.20521	0.0337972	-0.00239262	-0.000466867	1794.31	3971.57	
0.137249	0.307794	1.23936	0.032401	-0.0016726	-0.00326202	1796.35	3981.73	
0.137367	0.307743	1.27351	0.0367633	-0.00366673	-0.004175	1793.22	3966.11	
0.137307	0.342045	1.13731	0.0351707	-1.48017e-05	0.0245701	1792.43	3962.16	
0.137217	0.342006	1.171	0.0306241	-0.00176919	-0.00117426	1792.17	3960.87	
0.137036	0.341956	1.2052	0.0215791	-0.00424919	-0.00111553	1798.08	3990.38	
0.137005	0.341964	1.23936	0.0201284	-0.00393843	-0.00340435	1800.3	4001.49	
0.137152	0.341926	1.27345	0.0256438	-0.00564534	-0.00688189	1797.38	3986.91	
0.136701	0.376896	1.1372	0.00727756	0.0279294	0.0206465	1792.27	3961.33	
0.136612	0.37681	1.17097	0.00283324	0.0247705	-0.00244075	1791.01	3955.05	
0.136458	0.376797	1.20519	-0.00483786	0.0240745	-0.00154494	1796.55	3982.76	
0.136432	0.376826	1.23935	-0.00608645	0.0253515	-0.00373931	1798.35	3991.75	
0.1366	0.376757	1.27338	0.000101472	0.0224539	-0.00985438	1796.58	3982.9	
0.136499	0.411726	1.13721	-0.00716748	0.0377836	0.0191519	2211.19	6055.94	
0.136442	0.411663	1.17103	-0.0101185	0.0348363	0.000613558	2208.55	6042.73	
0.136328	0.411665	1.20522	-0.0157953	0.0349165	-0.00032726	2212.61	6063.06	
0.136307	0.411695	1.23939	-0.0167558	0.0362507	-0.00176699	2214.07	6070.35	
0.136366	0.411704	1.27354	-0.0147884	0.0362163	-0.00321884	2213.29	6066.46	
0.101132	0.307785	1.30778	-0.0463132	-0.00295356	-0.00295826	2274.59	6372.96	
0.101033	0.307752	1.34205	-0.051142	-0.00471119	0.000237851	2275.84	6379.2	
0.101098	0.307676	1.37644	-0.0478629	-0.00853946	0.0100277	2270.22	6351.08	
0.101607	0.307086	1.41207	-0.0231575	-0.0359613	0.0793306	2215.9	6079.49	
0.101064	0.342202	1.30774	-0.0500474	0.00776006	-0.0049368	2271.01	6355.07	
0.100946	0.342144	1.34202	-0.0559217	0.00494428	-0.000773176	2272.17	6360.84	
0.100958	0.341984	1.37644	-0.0552832	-0.00290017	0.00952265	2267.69	6338.45	
0.101262	0.341885	1.41137	-0.039596	-0.0077097	0.04644	2215.78	6078.91	
0.101136	0.377101	1.30765	-0.0469324	0.038571	-0.00788397	2252.89	6264.45	
0.101026	0.376938	1.342	-0.0520073	0.0319378	-0.00180536	2253.62	6268.11	
0.101047	0.376881	1.37633	-0.0510058	0.0290498	0.00427816	2250.77	6253.84	
0.101314	0.376771	1.41125	-0.0372265	0.0236248	0.0403087	2207.2	6036	
0.100773	0.412618	1.30789	-0.0660879	0.0798807	0.00206542	2563.89	7819.47	
0.100787	0.412561	1.34206	-0.0657861	0.0770286	0.00102694	2563.06	7815.3	
0.100786	0.412502	1.37632	-0.0658334	0.074083	0.00373493	2560.41	7802.04	
0.100951	0.41237	1.4111	-0.0571339	0.0675864	0.0325305	2526.94	7634.69	
0.137576	0.307784	1.3078	0.0487078	-0.00207442	-0.00139964	1781.31	3906.55	
0.137444	0.307748	1.34188	0.0420851	-0.00382142	-0.0078551	1785.35	3926.76	
0.137273	0.30763	1.37652	0.0336275	-0.00991314	0.0137911	1784.48	3922.42	
0.137758	0.306939	1.41285	0.0565378	-0.0409391	0.119082	1712.45	3562.27	
0.137339	0.342017	1.30774	0.0368377	-0.00139236	-0.00379939	1784.59	3922.93	
0.137207	0.341924	1.34184	0.0301838	-0.00585761	-0.00961916	1787.92	3939.62	
0.137018	0.341655	1.37654	0.0207956	-0.0190528	0.0146312	1788.99	3944.95	
0.137547	0.341513	1.41203	0.045469	-0.0258723	0.0817135	1716.7	3583.5	
0.136726	0.376836	1.30768	0.00858018	0.0249709	-0.00586647	1785.02	3925.11	
0.136601	0.376699	1.34184	0.00234249	0.0193356	-0.00965417	1787.17	3935.84	
0.136417	0.376583	1.3764	-0.00685527	0.0133047	0.00807344	1790.23	3951.16	
0.136885	0.376295	1.4117	0.0143773	-0.000509908	0.065265	1728.63	3643.17	
0.1365	0.411622	1.30783	-0.00707468	0.0326892	-4.52776e-05	2204.54	6022.7	
0.136427	0.411573	1.34194	-0.0108261	0.0303874	-0.00505832	2205.34	6026.71	
0.136305	0.411508	1.37635	-0.0168639	0.0269401	0.00562521	2207.32	6036.59	
0.136521	0.411326	1.4113	-0.00704252	0.0173315	0.0442361	2159.48	5797.4	
0.103084	0.305407	1.45206	0.0445031	-0.102849	0.351399	2007.09	5035.43	
0.1074	0.3068	1.50207	0.201282	-0.0469568	0.904888	1617.36	3086.79	
0.102498	0.340003	1.45157	0.0203641	-0.087091	0.331606	2014.38	5071.91	
0.106988	0.341092	1.50196	0.181814	-0.0436416	0.89851	1622.85	3114.27	
0.102481	0.374526	1.45095	0.0187851	-0.0742245	0.303113	2017.08	5085.41	
0.106573	0.374694	1.50197	0.162934	-0.0725932	0.900177	1641.27	3206.35	
0.101736	0.409672	1.44945	-0.0173638	-0.0516221	0.229583	2354.32	6771.62	
0.1053	0.406605	1.49716	0.1115	-0.163525	0.710447	2003.33	5016.64	
0.137794	0.305741	1.45537	0.0715774	-0.0894473	0.498692	1491.6	2458	
0.142008	0.30708	1.50461	0.245287	-0.0342187	1.0026	1218.51	1092.53	
0.137369	0.33975	1.45504	0.0512046	-0.0999526	0.482628	1494.96	2474.82	
0.141687	0.340884	1.50457	0.229891	-0.0546308	1.00096	1228.45	1142.27	
0.136655	0.373579	1.4542	0.0171597	-0.117401	0.444885	1512.27	2561.36	
0.140985	0.373292	1.50448	0.196655	-0.13558	0.997809	1250.16	1250.8	
0.135878	0.4079	1.45139	-0.0274531	-0.132305	0.316467	1930.58	4652.91	
0.138649	0.405525	1.50006	0.0898759	-0.206979	0.820577	1614.4	3071.99	
0.261041	0.10796	0.997596	0.805332	0.215261	0.868225	1560.4	2802.01	
0.260947	0.137941	0.998187	0.786404	0.0575636	0.870461	1199.57	997.869	
0.276856	0.105882	0.965234	0.135946	0.143233	0.581439	1929.63	4648.13	
0.279267	0.138299	0.967212	0.244412	0.0706826	0.646847	1542.46	2712.3	
0.174505	0.102196	1.00898	0.177937	0.00555415	0.316135	2200.1	6000.48	
0.177298	0.101788	1.03895	0.301862	-0.0145551	0.213446	2109.02	5545.09	
0.17683	0.102397	1.07072	0.286709	0.0146167	0.107938	2043.16	5215.82	
0.176647	0.102411	1.10325	0.278562	0.0151188	0.029653	2027.27	5136.34	
0.175079	0.135625	1.0085	0.208283	-0.0499533	0.298744	1804.19	4020.94	
0.178732	0.136906	1.03995	0.365759	0.00332254	0.25685	1684.14	3420.72	
0.178518	0.136518	1.07138	0.362767	-0.0103991	0.138672	1616.56	3082.82	
0.178559	0.136584	1.10359	0.366182	-0.00770761	0.0470849	1598.33	2991.65	
0.224953	0.104957	1.00852	0.776723	0.100178	0.267612	1865.39	4326.93	
0.229003	0.105223	1.03942	0.925841	0.0978851	0.228908	1720.37	3601.85	
0.228731	0.105803	1.07022	0.917415	0.124438	0.0847087	1658.17	3290.87	
0.228467	0.106105	1.10287	0.90509	0.139232	0.0144495	1635.23	3176.14	
0.225603	0.136705	1.00951	0.790354	0.000885334	0.307871	1508.26	2541.29	
0.230387	0.139201	1.04121	0.975792	0.099868	0.305885	1376.14	1880.69	
0.230384	0.138888	1.07126	0.976859	0.0909293	0.134326	1318.94	1594.72	
0.230625	0.138877	1.10344	0.986731	0.0916886	0.0419996	1290.1	1450.52	
0.177909	0.102827	1.13586	0.328344	0.0317334	-0.032155	1996.73	4983.66	
0.176557	0.102616	1.17052	0.27561	0.0256255	-0.0226121	1996.44	4982.19	
0.176674	0.102642	1.20495	0.280505	0.0265859	-0.0130088	1999.9	4999.49	
0.17668	0.102623	1.23918	0.280673	0.0256842	-0.0118349	2002.42	5012.09	
0.176561	0.102535	1.27321	0.274789	0.021234	-0.0211217	2011.94	5059.68	
0.179643	0.136372	1.13612	0.408183	-0.0141339	-0.0193106	1568.68	2843.4	
0.178382	0.136474	1.17048	0.359302	-0.0116716	-0.0246473	1559.49	2797.45	
0.178475	0.136496	1.20485	0.362905	-0.0109465	-0.0178382	1564.61	2823.05	
0.178508	0.136507	1.23905	0.364287	-0.0104034	-0.0181823	1567.13	2835.66	
0.178517	0.136516	1.27308	0.364711	-0.01079	-0.0265367	1577.81	2889.03	
0.229031	0.106285	1.13595	0.932932	0.147345	-0.0386689	1623.63	3118.17	
0.228675	0.106184	1.16999	0.91605	0.142982	-0.0473138	1616.23	3081.16	
0.228664	0.106237	1.20403	0.915178	0.145521	-0.0549038	1614.26	3071.31	
0.228732	0.106236	1.23823	0.918409	0.145534	-0.0551878	1613.08	3065.41	
0.228393	0.106303	1.27267	0.901823	0.148917	-0.0435388	1618.91	3094.56	
0.231003	0.139105	1.13643	1.00613	0.101934	-0.0157155	1280.25	1401.24	
0.230394	0.138951	1.17008	0.97897	0.095487	-0.0417624	1270.74	1353.69	
0.230391	0.138967	1.20407	0.978439	0.0963753	-0.051788	1267.79	1338.97	
0.230458	0.138969	1.23825	0.981531	0.0964527	-0.0531239	1265.21	1326.05	
0.230566	0.138857	1.27276	0.984292	0.0912977	-0.0390146	1268.78	1343.9	
0.177904	0.102956	1.30639	0.328034	0.0379723	-0.0558432	1990.61	4953.06	
0.17654	0.102631	1.3414	0.274823	0.0263898	-0.0297751	1994.42	4972.09	
0.17667	0.102711	1.37606	0.280077	0.0300815	-0.00835555	1994.68	4973.4	
0.176083	0.103088	1.4115	0.2525	0.0485158	0.0515688	1963.73	4818.64	
0.179622	0.136392	1.30648	0.407189	-0.0130833	-0.0511229	1561.07	2805.35	
0.178369	0.136479	1.34129	0.358708	-0.0113969	-0.0345243	1556.2	2780.99	
0.178508	0.13652	1.37612	0.364223	-0.00964261	-0.00511239	1556.05	2780.23	
0.178011	0.136981	1.4124	0.342322	0.0120373	0.0972048	1511.94	2559.68	
0.229044	0.106424	1.30648	0.933617	0.154117	-0.0625473	1617.81	3089.03	
0.228655	0.106221	1.34088	0.915026	0.144813	-0.0536293	1613.64	3068.22	
0.228495	0.106375	1.37534	0.90692	0.152339	-0.04051	1607.52	3037.58	
0.228029	0.106836	1.41077	0.884067	0.175459	0.0207165	1572.6	2863	
0.230979	0.139131	1.30684	1.00503	0.1033	-0.0454347	1273.03	1365.15	
0.230374	0.138963	1.34096	0.977946	0.0961509	-0.0485777	1266.64	1333.21	
0.230223	0.139044	1.37561	0.970176	0.100235	-0.0260089	1258.04	1290.21	
0.229897	0.139418	1.4117	0.951357	0.119371	0.0671021	1207.38	1036.9	
0.17576	0.104576	1.44989	0.236272	0.112796	0.260011	1792.4	3961.99	
0.176002	0.10822	1.50015	0.240915	0.23588	0.812576	1476.06	2380.3	
0.17784	0.137096	1.45351	0.331004	0.0263014	0.414581	1347.4	1736.99	
0.179203	0.140574	1.50278	0.373304	0.167723	0.91461	1137.56	687.806	
0.225843	0.108357	1.44958	0.7934	0.239412	0.22594	1464.42	2322.1	
0.222391	0.111285	1.49616	0.658322	0.337115	0.665067	1213.37	1066.85	
0.227761	0.140222	1.45296	0.861308	0.159251	0.36566	1124.94	624.681	
0.221907	0.143226	1.49588	0.647491	0.275879	0.661842	981.423	-92.8845	
0.261581	0.171138	0.998295	0.818642	0.0097014	0.87595	1184.38	921.883	
0.261611	0.203906	0.998656	0.817466	-0.0548532	0.892473	1176.27	881.356	
0.26162	0.237757	0.998708	0.817812	-0.0713383	0.894919	1169.5	847.509	
0.26159	0.271867	0.998697	0.816275	-0.0757476	0.894371	1164.99	824.96	
0.279186	0.171036	0.967689	0.241645	0.00326845	0.672561	1515.67	2578.36	
0.279317	0.204681	0.967861	0.248111	-0.0237189	0.680886	1506.46	2532.29	
0.279284	0.238612	0.967978	0.246668	-0.0369729	0.686556	1502.01	2510.04	
0.279547	0.272575	0.96806	0.259669	-0.0501844	0.688167	1496.65	2483.23	
0.17703	0.168707	1.00896	0.290144	-0.0942128	0.320666	1777.79	3888.97	
0.180856	0.170245	1.04008	0.454313	-0.027653	0.260659	1659	3294.98	
0.18072	0.169836	1.07171	0.453711	-0.0400876	0.153548	1595.48	2977.41	
0.180654	0.169654	1.10374	0.451492	-0.048633	0.0532959	1574.21	2871.05	
0.175698	0.203605	1.00883	0.238027	-0.0743884	0.31525	1776.76	3883.8	
0.179545	0.205075	1.03999	0.404183	-0.0108315	0.258695	1652.83	3264.17	
0.179387	0.204596	1.07166	0.405201	-0.0283401	0.151411	1590.64	2953.2	
0.179432	0.204498	1.10359	0.408643	-0.0329455	0.0468151	1570.67	2853.35	
0.175923	0.238139	1.0087	0.247709	-0.0603777	0.310081	1787.26	3936.32	
0.179767	0.239654	1.03995	0.413546	0.00493612	0.256951	1661.76	3308.81	
0.179621	0.239207	1.07162	0.41492	-0.0113641	0.149747	1599.32	2996.62	
0.179654	0.239051	1.10364	0.417906	-0.0181963	0.0482155	1580	2900.01	
0.175829	0.272386	1.00855	0.242937	-0.0595008	0.302643	1799.28	3996.41	
0.179618	0.273799	1.0399	0.406181	0.000763836	0.254505	1679.51	3397.53	
0.179468	0.273357	1.07162	0.407381	-0.0154024	0.14989	1615.76	3078.82	
0.179556	0.273205	1.10374	0.413029	-0.0218759	0.0530447	1594.21	2971.06	
0.228024	0.169789	1.00926	0.90152	-0.0537897	0.298878	1484.47	2422.33	
0.232768	0.171633	1.04136	1.08153	0.0237983	0.310324	1359.72	1798.61	
0.233037	0.171317	1.07165	1.09628	0.015094	0.152047	1306.81	1534.07	
0.232716	0.171196	1.10363	1.08222	0.0104579	0.0513127	1278.91	1394.57	
0.227587	0.203187	1.00974	0.882699	-0.0918814	0.320835	1470.97	2354.84	
0.232219	0.204851	1.04165	1.05774	-0.0216096	0.323926	1346.97	1734.85	
0.232521	0.204468	1.07178	1.07454	-0.0332449	0.157971	1293.39	1466.93	
0.232309	0.204435	1.10361	1.06407	-0.0341395	0.0514849	1263.59	1317.93	
0.227837	0.236971	1.00978	0.8941	-0.111946	0.323119	1464.58	2322.91	
0.232346	0.238639	1.0417	1.06343	-0.0412969	0.326177	1340.02	1700.09	
0.232636	0.238251	1.07177	1.07969	-0.0530167	0.157774	1284.21	1421.06	
0.232411	0.238234	1.10359	1.06867	-0.0532097	0.050406	1254.49	1272.44	
0.227365	0.270899	1.01016	0.872149	-0.12181	0.337216	1466.44	2332.19	
0.23182	0.273331	1.04153	1.03978	-0.0202467	0.318578	1347.09	1735.45	
0.232188	0.272745	1.07171	1.05834	-0.0399429	0.155056	1290.54	1452.68	
0.232071	0.272626	1.10344	1.05227	-0.0447516	0.0434881	1259.18	1295.89	
0.181996	0.169621	1.13624	0.502957	-0.0521198	-0.0136464	1540.32	2701.61	
0.180656	0.169327	1.17039	0.453535	-0.0625135	-0.0286339	1530.78	2653.91	
0.180745	0.169419	1.20474	0.456873	-0.0590198	-0.0230741	1536.2	2681.01	
0.180753	0.169438	1.23893	0.457005	-0.0581354	-0.0243007	1539.42	2697.1	
0.180642	0.169453	1.27295	0.451468	-0.0580898	-0.0335875	1550.69	2753.46	
0.1808	0.204152	1.136	0.458749	-0.0490358	-0.0218215	1533.01	2665.05	
0.179344	0.203996	1.17038	0.407114	-0.0554247	-0.0286981	1524.07	2620.36	
0.179434	0.204041	1.20476	0.410161	-0.0539665	-0.0222052	1529.43	2647.15	
0.179435	0.204071	1.23894	0.410037	-0.0525491	-0.0238059	1533.49	2667.43	
0.179431	0.204174	1.27282	0.409384	-0.0483806	-0.0396728	1546.49	2732.45	
0.181043	0.238583	1.13604	0.468998	-0.0404051	-0.0200404	1542.08	2710.39	
0.179583	0.238449	1.17037	0.416902	-0.0459502	-0.0287814	1532.96	2664.8	
0.179683	0.238543	1.20476	0.420432	-0.0422933	-0.0224235	1537.86	2689.29	
0.179678	0.238602	1.23893	0.42008	-0.0395449	-0.0243053	1541.92	2709.62	
0.179653	0.238681	1.27287	0.41863	-0.0358893	-0.0380249	1555.61	2778.05	
0.180728	0.272553	1.13631	0.457668	-0.049404	-0.0110989	1558.69	2793.44	
0.179481	0.272634	1.17046	0.411561	-0.0486448	-0.0251864	1549.55	2747.74	
0.179563	0.272684	1.20479	0.414489	-0.0469286	-0.0209778	1554.74	2773.68	
0.179556	0.272744	1.23897	0.413992	-0.0440918	-0.0223923	1558.13	2790.66	
0.179562	0.272834	1.27298	0.414094	-0.0396794	-0.0326924	1569.21	2846.07	
0.233632	0.171083	1.13632	1.12527	0.00508596	-0.0202742	1263.44	1317.18	
0.233054	0.170954	1.16997	1.09927	-0.00071094	-0.0470145	1253.87	1269.34	
0.233005	0.170943	1.20388	1.09656	-0.00125993	-0.0607537	1250.32	1251.62	
0.233097	0.17091	1.23806	1.10083	-0.00279129	-0.0621523	1246.83	1234.16	
0.232649	0.171032	1.27255	1.07963	0.00288569	-0.0491335	1254.12	1270.62	
0.233307	0.20415	1.13642	1.1123	-0.0474977	-0.0154594	1246.85	1234.26	
0.232615	0.203944	1.17	1.08151	-0.0567038	-0.0456443	1236.74	1183.68	
0.232562	0.203926	1.20391	1.07871	-0.0575683	-0.0596925	1233.51	1167.54	
0.232661	0.203917	1.23803	1.08322	-0.0579247	-0.0638596	1230.64	1153.19	
0.232264	0.204136	1.27245	1.0626	-0.0481461	-0.0528723	1237.31	1186.53	
0.233439	0.237842	1.13642	1.11821	-0.0717213	-0.0156559	1236.72	1183.61	
0.232741	0.237594	1.17001	1.08715	-0.0827708	-0.0449811	1226.94	1134.68	
0.232682	0.237584	1.2039	1.084	-0.0832987	-0.0596818	1223.6	1118.02	
0.232773	0.237594	1.23801	1.0882	-0.0828197	-0.0645254	1221.56	1107.79	
0.232365	0.237884	1.27242	1.06714	-0.0697003	-0.0541796	1228	1140.01	
0.232946	0.272298	1.13647	1.09419	-0.060347	-0.013425	1242.25	1211.24	
0.232327	0.272049	1.17003	1.06702	-0.0712319	-0.0441876	1232.16	1160.78	
0.232304	0.272024	1.20394	1.06558	-0.0723906	-0.0579843	1228.4	1142	
0.232375	0.272057	1.23805	1.06888	-0.0708465	-0.0628809	1226.48	1132.41	
0.232059	0.272244	1.27235	1.05229	-0.0627028	-0.057573	1231.98	1159.88	
0.181991	0.169632	1.30638	0.502672	-0.0515491	-0.0559608	1530.95	2654.73	
0.180645	0.169285	1.34116	0.45304	-0.0645485	-0.0405956	1526.25	2631.24	
0.180717	0.169346	1.3762	0.455195	-0.0626314	-0.000904446	1524.21	2621.04	
0.180133	0.169209	1.41321	0.428541	-0.0674083	0.13417	1470.55	2352.74	
0.1808	0.20414	1.30614	0.458729	-0.0495949	-0.0642095	1523.39	2616.95	
0.17933	0.203913	1.34117	0.406481	-0.0595282	-0.0400001	1518.97	2594.83	
0.179442	0.203797	1.37627	0.410258	-0.0657148	0.00226465	1516.75	2583.77	
0.178878	0.204017	1.4128	0.384273	-0.0557378	0.116351	1460.21	2301.04	
0.181046	0.238547	1.30618	0.469114	-0.0421567	-0.0624616	1532.5	2662.49	
0.17957	0.238326	1.34117	0.416346	-0.0519873	-0.0394526	1527.81	2639.03	
0.17969	0.23832	1.3762	0.420521	-0.0532869	-0.000768751	1525.85	2629.27	
0.17911	0.238482	1.41288	0.393952	-0.0451749	0.119413	1468.65	2343.25	
0.180722	0.272434	1.30652	0.457356	-0.0551418	-0.0502467	1548.72	2743.59	
0.17947	0.272526	1.34126	0.411103	-0.0539813	-0.0358134	1544.35	2721.74	
0.179569	0.272462	1.37626	0.414538	-0.0578218	0.00206188	1542.17	2710.87	
0.179079	0.272558	1.41296	0.392111	-0.0529819	0.123719	1484.05	2420.24	
0.233624	0.171103	1.30645	1.12501	0.00608894	-0.0632742	1254.38	1271.92	
0.233003	0.170928	1.34081	1.09672	-0.00192451	-0.0554679	1248.25	1241.25	
0.232717	0.170928	1.37575	1.08257	-0.00192171	-0.0190263	1237.12	1185.6	
0.231803	0.17092	1.41254	1.03863	0.000707413	0.106319	1179.28	896.387	
0.233311	0.204128	1.30651	1.11266	-0.0485956	-0.0608209	1237.31	1186.53	
0.232568	0.203873	1.34083	1.07922	-0.0601749	-0.0544954	1230.52	1152.59	
0.232302	0.203799	1.3758	1.06601	-0.0635053	-0.0163653	1220.14	1100.72	
0.231439	0.204179	1.41206	1.02193	-0.0454902	0.0871307	1157.6	788.023	
0.233443	0.237786	1.3065	1.11853	-0.0744634	-0.0610835	1227.23	1136.14	
0.232696	0.237495	1.34085	1.08494	-0.0875665	-0.0539864	1220.92	1104.62	
0.232422	0.237485	1.37573	1.07134	-0.0882203	-0.0197749	1212.19	1060.97	
0.231526	0.237875	1.41204	1.02578	-0.0700528	0.0859248	1150.67	753.375	
0.232927	0.272169	1.30666	1.0934	-0.0665106	-0.0536157	1232.41	1162.04	
0.232285	0.271958	1.34088	1.06498	-0.0756714	-0.0523834	1226.18	1130.91	
0.232066	0.271922	1.37571	1.05399	-0.0774542	-0.0205182	1216.77	1083.86	
0.231274	0.272207	1.41193	1.01351	-0.064422	0.0808879	1156.82	784.122	
0.17998	0.169169	1.45432	0.416202	-0.0638646	0.449341	1311.31	1556.54	
0.180919	0.171801	1.50367	0.444635	0.0461234	0.95584	1122.05	610.241	
0.17902	0.203038	1.45408	0.383152	-0.0911736	0.442464	1293.87	1469.34	
0.180478	0.204991	1.50357	0.433091	-0.00738764	0.949329	1100.02	500.106	
0.179204	0.237035	1.45426	0.390805	-0.10293	0.45017	1297.5	1487.48	
0.180516	0.238711	1.50366	0.434561	-0.0315012	0.953364	1096.84	484.184	
0.178979	0.27101	1.45455	0.383592	-0.111182	0.460279	1307.73	1538.66	
0.180471	0.272693	1.50385	0.432287	-0.0428735	0.962017	1100.65	503.232	
0.229708	0.171487	1.45415	0.95174	0.0296834	0.414807	1102.76	513.781	
0.22371	0.172889	1.49761	0.72612	0.0874021	0.737956	958.577	-207.113	
0.229478	0.204182	1.45426	0.943184	-0.0393399	0.420149	1077.83	389.141	
0.223542	0.20564	1.49753	0.71954	0.0208357	0.734531	936.316	-318.419	
0.229492	0.237649	1.45425	0.943529	-0.0742949	0.419864	1069.48	347.419	
0.223388	0.238994	1.4974	0.712193	-0.0196389	0.728329	928.004	-359.98	
0.229156	0.271759	1.45393	0.923937	-0.075856	0.407214	1073.91	369.571	
0.223056	0.273239	1.4969	0.697432	-0.0191639	0.705375	935.223	-323.884	
0.261685	0.306712	0.998386	0.823609	-0.049352	0.880132	1172.6	862.998	
0.261627	0.340197	0.998711	0.818192	-0.0805301	0.89515	1176.19	880.974	
0.261818	0.372974	0.999102	0.827587	-0.151039	0.914724	1181.35	906.733	
0.259425	0.402886	0.996062	0.741383	-0.313499	0.808315	1539.88	2699.39	
0.279298	0.306787	0.967964	0.247426	-0.0484571	0.685881	1500.79	2503.96	
0.279296	0.340864	0.967922	0.247129	-0.0549653	0.683838	1507.81	2539.04	
0.278933	0.373705	0.967455	0.228663	-0.121415	0.662328	1544.31	2721.54	
0.276504	0.406083	0.963984	0.12054	-0.194272	0.53175	1937.07	4685.37	
0.177321	0.305651	1.00897	0.303237	-0.0901408	0.319909	1776.96	3884.82	
0.18114	0.307205	1.04009	0.466579	-0.0220599	0.260796	1657.19	3285.96	
0.181022	0.306737	1.07172	0.46636	-0.037199	0.154045	1593	2965	
0.180955	0.306481	1.10382	0.464191	-0.0490928	0.0571371	1571.35	2856.75	
0.175613	0.340635	1.00883	0.234039	-0.0647986	0.315263	1776.28	3881.42	
0.179431	0.342096	1.03999	0.398802	-0.0020215	0.258627	1652.85	3264.25	
0.179253	0.341575	1.07167	0.398938	-0.0212266	0.152074	1590.81	2954.06	
0.179321	0.341447	1.1036	0.40349	-0.0271864	0.046861	1570.82	2854.08	
0.175102	0.375308	1.00869	0.209775	-0.0461868	0.308972	1789.22	3946.12	
0.178636	0.376609	1.03988	0.361985	0.0107186	0.254047	1666.64	3333.21	
0.178439	0.376103	1.07152	0.359828	-0.00782272	0.145505	1600.66	3003.3	
0.178486	0.375863	1.10362	0.363454	-0.0189311	0.0471356	1582.83	2914.16	
0.173957	0.409813	1.00855	0.150691	-0.0553459	0.301756	2198.03	5990.17	
0.176366	0.411687	1.03867	0.256865	0.0277919	0.198465	2129.09	5645.46	
0.175923	0.410524	1.07091	0.242451	-0.0223389	0.116321	2055.14	5275.7	
0.175916	0.410409	1.10344	0.242998	-0.0270865	0.0386898	2032.29	5161.44	
0.228505	0.305434	1.0095	0.924403	-0.109945	0.310611	1469.02	2345.09	
0.233193	0.307261	1.04148	1.10136	-0.032643	0.315659	1344.87	1724.36	
0.233525	0.306796	1.07169	1.1192	-0.0479736	0.153928	1290.4	1452	
0.233243	0.306585	1.10372	1.10709	-0.0568748	0.0554218	1260.8	1304	
0.227598	0.339481	1.00982	0.883361	-0.117884	0.324494	1470.07	2350.35	
0.232198	0.34105	1.04166	1.05688	-0.0523254	0.323987	1348.42	1742.12	
0.232512	0.340557	1.07176	1.07425	-0.0691501	0.157067	1296.01	1480.07	
0.232295	0.340499	1.10353	1.06344	-0.0712408	0.0475121	1265.82	1329.1	
0.226813	0.37259	1.00969	0.848317	-0.170905	0.318828	1491.8	2459.02	
0.231781	0.374068	1.04146	1.03943	-0.104846	0.316168	1359.09	1795.43	
0.231975	0.373347	1.07153	1.05102	-0.131456	0.146005	1307.44	1537.22	
0.231896	0.373125	1.10337	1.04635	-0.141159	0.040263	1277.08	1385.41	
0.222948	0.405318	1.00882	0.693954	-0.22849	0.288611	1834.85	4174.27	
0.22644	0.406605	1.03948	0.818526	-0.160103	0.227757	1718.94	3594.69	
0.226347	0.405407	1.07082	0.81798	-0.208867	0.111388	1651.93	3259.66	
0.226512	0.405268	1.10296	0.824184	-0.215361	0.0193367	1620.64	3103.19	
0.182332	0.306285	1.13627	0.517419	-0.0603649	-0.0117618	1535.19	2675.96	
0.181001	0.306001	1.17039	0.468171	-0.0703644	-0.0282347	1525.45	2627.25	
0.181091	0.306081	1.20472	0.471554	-0.0675114	-0.0239209	1530.84	2654.18	
0.181092	0.306113	1.2389	0.471422	-0.065967	-0.0254648	1534.28	2671.4	
0.18097	0.306124	1.27296	0.465427	-0.0660657	-0.0332903	1545.89	2729.45	
0.180685	0.341026	1.13603	0.453464	-0.047168	-0.0200693	1533.15	2665.77	
0.179264	0.340908	1.1704	0.401828	-0.0525264	-0.0280512	1523.21	2616.05	
0.179296	0.34091	1.20477	0.403884	-0.0521182	-0.0219339	1529.27	2646.34	
0.179311	0.340943	1.23894	0.404272	-0.0506141	-0.0237134	1533.29	2666.43	
0.179329	0.341057	1.27281	0.404657	-0.0458376	-0.0402465	1546.24	2731.2	
0.179817	0.375303	1.13603	0.414338	-0.045986	-0.0206859	1548.3	2741.51	
0.178305	0.375182	1.17042	0.357114	-0.0508726	-0.0267664	1537.83	2689.15	
0.178432	0.375256	1.20481	0.361968	-0.0480586	-0.0197146	1542.79	2713.94	
0.178438	0.375325	1.23898	0.362085	-0.0447865	-0.0216387	1546.46	2732.31	
0.178462	0.375422	1.27292	0.363017	-0.0401894	-0.0355628	1559.43	2797.15	
0.177016	0.409555	1.13611	0.286179	-0.0647259	-0.0214031	1995.02	4975.12	
0.175715	0.409636	1.17057	0.23478	-0.0639428	-0.0197658	1991.15	4955.77	
0.175835	0.409702	1.20494	0.239716	-0.0613041	-0.0132044	1996.6	4983.02	
0.175817	0.409768	1.23916	0.238802	-0.0581786	-0.0128243	2000.02	5000.08	
0.175849	0.409937	1.27319	0.240187	-0.0498579	-0.0222342	2008.92	5044.6	
0.234168	0.306225	1.1364	1.15053	-0.0740964	-0.016224	1243.52	1217.59	
0.233598	0.306067	1.16998	1.12494	-0.0811837	-0.046617	1233.44	1167.22	
0.233545	0.306051	1.20385	1.12203	-0.0820023	-0.0621305	1229.59	1147.93	
0.23362	0.30607	1.23798	1.12549	-0.0811014	-0.0660943	1226.81	1134.07	
0.233184	0.306235	1.27254	1.10491	-0.0734173	-0.0498935	1233.76	1168.82	
0.233281	0.339972	1.13649	1.11127	-0.0963395	-0.0124413	1249.66	1248.32	
0.232628	0.339823	1.17003	1.08216	-0.102835	-0.0441878	1240.07	1200.35	
0.232563	0.33981	1.20391	1.0788	-0.103438	-0.0596822	1235.93	1179.66	
0.232657	0.339805	1.23801	1.08321	-0.103616	-0.0644929	1233.56	1167.8	
0.232253	0.340103	1.27237	1.06217	-0.0900234	-0.0567652	1239.35	1196.77	
0.232534	0.372343	1.13666	1.07865	-0.177997	-0.00571018	1263.02	1315.1	
0.232072	0.37233	1.17007	1.05789	-0.179142	-0.0423515	1254.56	1272.8	
0.232042	0.372273	1.20394	1.05614	-0.181843	-0.0582869	1250.61	1253.06	
0.232132	0.372288	1.23803	1.06037	-0.181137	-0.0639617	1249.35	1246.73	
0.231862	0.372594	1.27233	1.04534	-0.166624	-0.0580514	1252.21	1261.03	
0.227109	0.404608	1.13647	0.854212	-0.246405	-0.0151845	1600.72	3003.6	
0.226451	0.404379	1.17018	0.824714	-0.25679	-0.0382838	1591.74	2958.71	
0.226514	0.404322	1.20414	0.827342	-0.259492	-0.0501215	1588.1	2940.49	
0.226583	0.404321	1.23823	0.830611	-0.259628	-0.0556806	1588.63	2943.16	
0.226561	0.404688	1.27232	0.827092	-0.243168	-0.0599124	1594.43	2972.15	
0.182335	0.306217	1.30638	0.517538	-0.0636942	-0.0561561	1524.74	2623.68	
0.18099	0.305879	1.34118	0.467669	-0.0763661	-0.0396528	1519.88	2599.42	
0.181054	0.305832	1.3763	0.469583	-0.0798139	0.00406671	1516.35	2581.76	
0.180444	0.305418	1.4135	0.441993	-0.097221	0.147159	1459.65	2298.24	
0.180686	0.340963	1.30617	0.453481	-0.050252	-0.0627519	1523.22	2616.09	
0.179251	0.340773	1.3412	0.401301	-0.0591471	-0.0387613	1517.71	2588.57	
0.179309	0.34053	1.37629	0.404249	-0.0704548	0.00325017	1516.44	2582.22	
0.178771	0.340572	1.41273	0.379304	-0.0695577	0.112748	1461.33	2306.67	
0.179811	0.375194	1.30623	0.414027	-0.0513248	-0.0602328	1539.16	2695.82	
0.178289	0.37502	1.34123	0.356406	-0.0588667	-0.0367184	1532.94	2664.72	
0.178451	0.374927	1.37616	0.362657	-0.0643276	-0.00275796	1533.03	2665.14	
0.177866	0.374719	1.41237	0.337	-0.0745243	0.0941971	1486.83	2434.17	
0.177016	0.40938	1.30655	0.286109	-0.0732258	-0.0495507	1986.16	4930.79	
0.175695	0.409498	1.34143	0.233838	-0.0707702	-0.0275185	1986.75	4933.76	
0.17583	0.4094	1.37617	0.239265	-0.0762183	-0.00262158	1987.49	4937.43	
0.175329	0.409213	1.41169	0.216653	-0.0852311	0.0603361	1947.33	4736.63	
0.234158	0.30615	1.30648	1.15018	-0.0777389	-0.0620843	1233.32	1166.59	
0.233532	0.305973	1.34082	1.12169	-0.0857712	-0.0551771	1227.03	1135.14	
0.233207	0.305943	1.37578	1.10571	-0.0874173	-0.0170459	1215.71	1078.55	
0.232233	0.305794	1.41269	1.05897	-0.0911342	0.11305	1155.68	778.376	
0.233285	0.339892	1.30657	1.11161	-0.100274	-0.0579313	1239.89	1199.43	
0.232578	0.339707	1.34086	1.07969	-0.108521	-0.0532718	1233.81	1169.07	
0.232304	0.339568	1.37578	1.06626	-0.115019	-0.0179117	1223.31	1116.54	
0.231438	0.339849	1.41191	1.02212	-0.102046	0.0797413	1162.71	813.574	
0.232538	0.372217	1.30682	1.07897	-0.184173	-0.0474912	1254.05	1270.23	
0.232041	0.372171	1.3409	1.0564	-0.186934	-0.0515034	1249.13	1245.66	
0.231838	0.372014	1.37556	1.04634	-0.194718	-0.0285669	1242.01	1210.07	
0.231131	0.372045	1.41144	1.0096	-0.193952	0.0568953	1188.02	940.106	
0.227137	0.404404	1.30681	0.855718	-0.256329	-0.0479887	1591.69	2958.43	
0.226449	0.404233	1.34101	0.824623	-0.263975	-0.0474176	1586.94	2934.72	
0.226367	0.40406	1.37545	0.820332	-0.272548	-0.035541	1581.08	2905.38	
0.226199	0.404131	1.41056	0.809523	-0.270814	0.0113983	1542.07	2710.37	
0.180294	0.304572	1.45467	0.429873	-0.130595	0.464948	1293.39	1466.94	
0.181238	0.306377	1.50389	0.45926	-0.0590446	0.966147	1097.58	487.924	
0.178918	0.339038	1.45401	0.378118	-0.131013	0.438686	1295.96	1479.81	
0.180365	0.340303	1.50359	0.42737	-0.0809225	0.950206	1109.11	545.571	
0.178022	0.37224	1.45327	0.337401	-0.178828	0.405508	1320.23	1601.15	
0.179506	0.37184	1.50344	0.390089	-0.197983	0.944817	1125.39	626.931	
0.175123	0.405992	1.4504	0.206571	-0.220527	0.275689	1738.35	3691.73	
0.175745	0.403465	1.49929	0.22978	-0.297864	0.782223	1463.43	2317.13	
0.229983	0.305723	1.45441	0.964651	-0.0912762	0.426642	1075.24	376.208	
0.223636	0.30693	1.49747	0.722311	-0.0431173	0.731327	933.373	-333.134	
0.229505	0.339203	1.45409	0.94452	-0.126651	0.411777	1086.95	434.771	
0.22361	0.340437	1.49754	0.722865	-0.0777467	0.735341	951.397	-243.014	
0.229056	0.370355	1.4534	0.925362	-0.261842	0.383054	1105.42	527.081	
0.223606	0.370053	1.49735	0.722258	-0.274209	0.727201	961.933	-190.334	
0.224582	0.401948	1.44998	0.744247	-0.358695	0.240593	1414.19	2070.96	
0.2222	0.400476	1.49615	0.655418	-0.395226	0.668692	1202.21	1011.04	
0.320255	0.108908	0.971576	0.487506	0.253438	0.826769	1437.72	2188.59	
0.321387	0.13953	0.971521	0.527969	0.127123	0.805785	1092.72	463.598	
0.353062	0.108218	0.945841	0.403879	0.226948	0.82144	1614.57	3072.85	
0.353909	0.138826	0.947097	0.423922	0.096991	0.853981	1240.34	1201.7	
0.379232	0.106202	0.91675	0.128443	0.156835	0.647439	1880.45	4402.26	
0.381284	0.138104	0.918455	0.218696	0.0633352	0.700283	1489.92	2449.6	
0.422316	0.108951	0.921495	0.46191	0.255566	0.823149	1437.33	2186.65	
0.423242	0.139761	0.92167	0.492928	0.137378	0.811029	1093.11	465.544	
0.32177	0.171391	0.972207	0.546351	0.0219533	0.838126	1068.83	344.14	
0.321811	0.204609	0.972174	0.548383	-0.0245299	0.835381	1058.1	290.523	
0.321819	0.23848	0.972147	0.548942	-0.0405523	0.834009	1053.88	269.399	
0.321834	0.272579	0.972122	0.549655	-0.0455161	0.832884	1052.93	264.674	
0.353166	0.171414	0.948159	0.39481	0.0200962	0.90183	1214.87	1074.33	
0.353607	0.204396	0.948167	0.412694	-0.0354166	0.903398	1204.89	1024.46	
0.353539	0.238247	0.94829	0.409548	-0.0520316	0.909212	1202.04	1010.19	
0.353659	0.272244	0.948109	0.413298	-0.0601429	0.901191	1199.04	995.22	
0.381656	0.170465	0.919136	0.234101	-0.0171342	0.735579	1452.13	2260.66	
0.381006	0.204387	0.919431	0.208584	-0.036852	0.747725	1442.44	2212.22	
0.381108	0.238424	0.919436	0.213214	-0.0456728	0.748373	1443.62	2218.12	
0.381415	0.272265	0.91928	0.226708	-0.0629074	0.740464	1444.02	2220.11	
0.423789	0.171436	0.922057	0.51843	0.0232523	0.830708	1071.83	359.169	
0.423555	0.204677	0.9221	0.508127	-0.0214231	0.832285	1057.68	288.382	
0.423603	0.238478	0.922077	0.510207	-0.0405271	0.831144	1052.86	264.292	
0.423507	0.272765	0.92226	0.505876	-0.0373999	0.837563	1052.32	261.623	
0.321816	0.306685	0.972219	0.548542	-0.0500066	0.838517	1053.96	269.783	
0.32187	0.340551	0.972217	0.551276	-0.0672596	0.837422	1060.75	303.73	
0.321903	0.372641	0.972596	0.552587	-0.168453	0.85598	1077.04	385.203	
0.319362	0.402601	0.97038	0.451391	-0.323295	0.780872	1430.25	2151.23	
0.353258	0.306731	0.948331	0.399318	-0.0513019	0.909932	1199.18	995.896	
0.353655	0.340367	0.948219	0.415047	-0.0767982	0.90595	1206.59	1032.95	
0.354185	0.372952	0.948142	0.439457	-0.155076	0.904414	1228.34	1141.69	
0.35216	0.403104	0.944266	0.368472	-0.30661	0.757819	1616.35	3081.73	
0.381793	0.30602	0.919464	0.240519	-0.0778049	0.751343	1435	2174.99	
0.381031	0.340466	0.919439	0.209798	-0.0730347	0.748165	1444.83	2224.16	
0.380949	0.373536	0.919004	0.204466	-0.129289	0.728695	1484.49	2422.47	
0.378938	0.405587	0.915275	0.115401	-0.216203	0.587676	1889.3	4446.48	
0.42376	0.306796	0.922102	0.51701	-0.045649	0.8326	1056.92	284.576	
0.423616	0.340602	0.922141	0.511124	-0.0649812	0.834237	1060.8	303.991	
0.423773	0.372576	0.922498	0.518071	-0.171496	0.851708	1077.34	386.697	
0.421464	0.402574	0.92031	0.427714	-0.324473	0.777783	1429.55	2147.74	
0.551539	0.106323	0.842048	0.183157	0.162081	0.657458	1844.25	4221.25	
0.552706	0.138443	0.844273	0.232887	0.079848	0.733892	1447.36	2236.81	
0.4556	0.108279	0.89593	0.400353	0.229841	0.825648	1611.7	3058.49	
0.456238	0.13901	0.897384	0.412396	0.104123	0.866869	1237.97	1189.86	
0.481463	0.106151	0.866772	0.109596	0.154124	0.648305	1891.38	4456.91	
0.483382	0.138037	0.868534	0.193246	0.0600045	0.703971	1505.39	2526.94	
0.522504	0.108289	0.872305	0.355823	0.227086	0.86237	1477.66	2388.3	
0.52326	0.139786	0.873098	0.37953	0.135645	0.879334	1119.95	599.774	
0.552677	0.170804	0.844687	0.233837	-0.00545059	0.754446	1421.2	2106.01	
0.553054	0.204544	0.84466	0.249829	-0.0296982	0.753926	1408.43	2042.15	
0.553031	0.238557	0.844717	0.248863	-0.039294	0.756745	1405.62	2028.11	
0.553079	0.272657	0.844701	0.251236	-0.0445289	0.755956	1407.42	2037.12	
0.455651	0.171482	0.898232	0.388573	0.0231866	0.905385	1214.99	1074.96	
0.456082	0.204446	0.89826	0.406014	-0.0330387	0.907808	1203.92	1019.62	
0.455989	0.238305	0.898392	0.401716	-0.0492881	0.914019	1199.54	997.703	
0.455999	0.272387	0.898384	0.402262	-0.0549686	0.913532	1196.24	981.217	
0.48358	0.170487	0.869157	0.200591	-0.0168222	0.736628	1473.42	2367.1	
0.483041	0.204427	0.869475	0.179754	-0.0350145	0.749844	1463.22	2316.08	
0.483133	0.238487	0.869504	0.184068	-0.0427078	0.751565	1461.57	2307.84	
0.483442	0.272266	0.869361	0.197717	-0.0628394	0.744222	1461.06	2305.31	
0.523272	0.171463	0.873615	0.382719	0.0240427	0.903982	1101.71	508.529	
0.523178	0.20466	0.873603	0.378601	-0.022565	0.903155	1086.29	431.435	
0.523233	0.238436	0.873586	0.381032	-0.0427303	0.902291	1080.82	404.098	
0.523469	0.273019	0.873653	0.389498	-0.0284957	0.904538	1083.12	415.612	
0.552706	0.30654	0.844986	0.235693	-0.0577454	0.768754	1405.66	2028.3	
0.553069	0.340774	0.844684	0.250552	-0.0586797	0.755142	1410.2	2050.98	
0.552732	0.373748	0.844652	0.234648	-0.120009	0.754014	1442.58	2212.88	
0.551124	0.405512	0.840456	0.164914	-0.219114	0.592695	1858.33	4291.64	
0.455721	0.30679	0.898419	0.391972	-0.0486325	0.914182	1198.97	994.846	
0.456138	0.340399	0.898308	0.408714	-0.0752665	0.910197	1205.75	1028.74	
0.456681	0.372963	0.898228	0.433771	-0.154508	0.908526	1227.03	1135.15	
0.454714	0.40309	0.894336	0.365701	-0.307279	0.761205	1615.21	3076.04	
0.483718	0.306058	0.869495	0.20709	-0.0766816	0.752924	1456.38	2281.92	
0.483066	0.34051	0.869478	0.180946	-0.0709362	0.75007	1465.68	2328.38	
0.483056	0.373613	0.869028	0.179267	-0.125462	0.729832	1502.72	2513.59	
0.481228	0.4057	0.865251	0.0993046	-0.210568	0.58643	1902.07	4510.34	
0.523284	0.306805	0.87366	0.383289	-0.0458392	0.905981	1087.9	439.509	
0.5232	0.340523	0.873682	0.379618	-0.0691818	0.907006	1090	450	
0.523358	0.372721	0.874033	0.386478	-0.164625	0.924163	1102.01	510.05	
0.521941	0.403278	0.870991	0.334001	-0.294193	0.810832	1470.71	2353.56	
0.593655	0.108903	0.846401	0.476604	0.25351	0.819133	1444	2219.99	
0.594581	0.139638	0.846386	0.507179	0.132134	0.800404	1099.44	497.178	
0.626698	0.108224	0.820844	0.403986	0.227268	0.821599	1614.14	3070.71	
0.627536	0.138827	0.822088	0.423596	0.0970596	0.853522	1239.56	1197.8	
0.652866	0.106203	0.791751	0.128509	0.156879	0.647449	1880.46	4402.28	
0.654922	0.138107	0.793456	0.218968	0.0634588	0.700339	1489.88	2449.39	
0.695951	0.108957	0.796493	0.462019	0.255889	0.823044	1437.12	2185.62	
0.696892	0.139768	0.796647	0.493781	0.137719	0.809907	1092.02	460.091	
0.72924	0.108234	0.770921	0.400712	0.227619	0.825242	1612.69	3063.45	
0.594781	0.171409	0.847079	0.517037	0.0227874	0.833145	1074.7	373.516	
0.594875	0.204588	0.84706	0.521429	-0.0254194	0.831095	1063.92	319.59	
0.594916	0.238495	0.847041	0.523304	-0.0397879	0.830136	1059.8	299.019	
0.594918	0.272606	0.847029	0.523393	-0.0443606	0.82954	1058.58	292.878	
0.626768	0.171421	0.823156	0.393283	0.0204221	0.901626	1213.88	1069.42	
0.627204	0.204396	0.823163	0.410894	-0.0353995	0.903157	1203.88	1019.42	
0.627139	0.238249	0.823284	0.40787	-0.0519515	0.908899	1201.1	1005.51	
0.627269	0.272244	0.823101	0.412118	-0.06014	0.900772	1198.06	990.289	
0.655295	0.170467	0.794141	0.234408	-0.0170427	0.73584	1452.04	2260.2	
0.654642	0.204386	0.794435	0.208779	-0.0369184	0.747958	1442.36	2211.8	
0.654741	0.238423	0.79444	0.213238	-0.0457402	0.748573	1443.54	2217.7	
0.655051	0.272266	0.794284	0.22687	-0.062883	0.740627	1443.92	2219.58	
0.697449	0.171436	0.797036	0.519919	0.0235013	0.830381	1069.74	348.683	
0.697207	0.20465	0.79708	0.509097	-0.0227482	0.831256	1056.57	282.842	
0.697241	0.238469	0.797074	0.510476	-0.0409676	0.830949	1052.63	263.146	
0.697155	0.272763	0.797241	0.506654	-0.0375207	0.836586	1051.51	257.547	
0.594822	0.306701	0.84711	0.51891	-0.0494167	0.834466	1059.69	298.448	
0.594912	0.340526	0.847101	0.523322	-0.0684482	0.833066	1066.53	332.639	
0.595123	0.372554	0.847443	0.533106	-0.172515	0.849839	1084.6	422.986	
0.592839	0.402662	0.845224	0.444182	-0.320627	0.774037	1437.02	2185.08	
0.626852	0.306734	0.82333	0.397364	-0.0511796	0.909812	1198.08	990.376	
0.62726	0.340359	0.823211	0.413582	-0.0771531	0.905535	1205.7	1028.48	
0.627807	0.372947	0.823131	0.438884	-0.155287	0.903839	1227.67	1138.37	
0.6258	0.403101	0.819261	0.36884	-0.306784	0.7576	1616.1	3080.51	
0.655433	0.30602	0.79447	0.240904	-0.0777827	0.751631	1434.7	2173.52	
0.654671	0.340461	0.794442	0.210142	-0.0732852	0.748311	1444.61	2223.04	
0.654584	0.373532	0.794005	0.204566	-0.129507	0.728735	1484.46	2422.32	
0.652572	0.405586	0.790274	0.115451	-0.216251	0.587638	1889.31	4446.55	
0.697458	0.306755	0.797064	0.520136	-0.0471882	0.83161	1055.21	276.042	
0.697267	0.34057	0.797122	0.512048	-0.0665563	0.833273	1059.56	297.803	
0.697411	0.372562	0.797496	0.518315	-0.172172	0.851602	1077.16	385.823	
0.695099	0.40257	0.79531	0.427811	-0.324683	0.777758	1429.44	2147.19	
0.728524	0.403796	0.769658	0.374558	-0.271921	0.777283	1614.46	3072.3	
0.73002	0.138815	0.772239	0.417544	0.0965196	0.860764	1240.51	1202.55	
0.755338	0.106177	0.741757	0.121542	0.155595	0.64773	1881.9	4409.48	
0.756991	0.138208	0.743573	0.193841	0.0672081	0.706254	1495.48	2477.39	
0.797541	0.108593	0.74747	0.410796	0.237287	0.873521	1484.93	2424.67	
0.798096	0.139289	0.747946	0.423938	0.114068	0.875627	1140.12	700.598	
0.817944	0.104727	0.713943	-0.139369	0.0892519	0.551656	2364.05	6820.25	
0.818081	0.137055	0.715669	-0.133191	0.0130891	0.61014	2069.67	5348.33	
0.729631	0.171166	0.773108	0.402013	0.0115103	0.900456	1212.04	1060.22	
0.729722	0.204316	0.773256	0.406528	-0.0388429	0.907435	1201.11	1005.57	
0.72965	0.23822	0.773374	0.403082	-0.0533747	0.913091	1199.31	996.558	
0.729768	0.272195	0.773253	0.406852	-0.0625041	0.908069	1198.55	992.756	
0.75752	0.170491	0.74406	0.214723	-0.0161644	0.732093	1461.65	2308.27	
0.756786	0.204447	0.744461	0.18544	-0.0340121	0.749194	1448.98	2244.92	
0.756912	0.238465	0.744456	0.191261	-0.0436547	0.749284	1447.64	2238.21	
0.75703	0.272426	0.744386	0.197137	-0.0561199	0.745847	1450.62	2253.08	
0.797886	0.171829	0.748814	0.415383	0.0390304	0.917321	1121.59	607.966	
0.7981	0.204666	0.748563	0.423543	-0.0225858	0.906306	1115.49	577.465	
0.798077	0.2385	0.748585	0.422419	-0.0397681	0.907143	1109.27	546.343	
0.797982	0.272766	0.74875	0.418261	-0.0374029	0.912667	1105.27	526.33	
0.817294	0.170815	0.716387	-0.167802	-0.00847073	0.644565	2043.82	5219.12	
0.817328	0.204701	0.716412	-0.166378	-0.0238363	0.645834	2041.54	5207.72	
0.81725	0.238786	0.716508	-0.170074	-0.0297855	0.650491	2039.38	5196.92	
0.817594	0.272621	0.716299	-0.155296	-0.0460131	0.640512	2040.81	5204.04	
0.729669	0.306497	0.773309	0.403933	-0.0592536	0.909896	1196.19	980.935	
0.729778	0.340211	0.773309	0.409222	-0.0840156	0.910057	1203.09	1015.43	
0.730061	0.37264	0.772602	0.421137	-0.170472	0.877232	1226.02	1130.12	
0.757611	0.306077	0.744404	0.218868	-0.0752767	0.748637	1444.73	2223.66	
0.75684	0.340523	0.744445	0.188112	-0.0702956	0.748447	1450.98	2254.9	
0.756851	0.37363	0.744022	0.187369	-0.124609	0.729573	1488.18	2440.9	
0.755041	0.405644	0.740267	0.108289	-0.213342	0.587238	1891.74	4458.72	
0.797809	0.307318	0.748882	0.411541	-0.0234492	0.920412	1109.06	545.275	
0.798175	0.340704	0.748601	0.427224	-0.0605507	0.908137	1118.09	590.432	
0.798603	0.373048	0.748782	0.447569	-0.148392	0.916822	1126.82	634.097	
0.796739	0.402985	0.746111	0.378937	-0.303817	0.81945	1477.18	2385.91	
0.817191	0.307035	0.716602	-0.17261	-0.0371371	0.654894	2034.43	5172.13	
0.817338	0.341185	0.716403	-0.165929	-0.0401075	0.645436	2042.68	5213.42	
0.817709	0.374977	0.715966	-0.149563	-0.0605984	0.625986	2066.45	5332.27	
0.818314	0.407564	0.712469	-0.122058	-0.12562	0.489287	2376.06	6880.32	
