x	y	z	U	V	W	Ro	P	
0.10072	0.100136	1.00917	0.00609279	-0.0222144	-0.00258112	2613.66	8068.3	
0.099296	0.0986871	1.04272	-0.0438864	-0.0731133	0.216858	2703.18	8515.9	
0.100432	0.0997195	1.07398	-0.00513827	-0.03971	0.188932	2669.88	8349.39	
0.100531	0.0997628	1.10586	0.000609463	-0.0361687	0.129265	2640.07	8200.35	
0.102538	0.133548	1.00816	0.0812786	-0.0823429	0.00509729	2249.65	6248.25	
0.101299	0.135487	1.04257	0.0386652	-0.0479196	0.199221	2300.4	6502.02	
0.102304	0.134848	1.07417	0.0669312	-0.0437981	0.189469	2276.58	6382.88	
0.102511	0.13514	1.10608	0.0764561	-0.0323261	0.140096	2246.72	6233.59	
0.138435	0.10295	1.00898	0.148435	0.0847332	0.0439227	2110.34	5551.7	
0.141435	0.101544	1.04301	0.216661	0.0472306	0.212754	2127.29	5636.43	
0.141107	0.102483	1.07442	0.237655	0.0638991	0.196937	2101	5504.98	
0.14153	0.102512	1.10645	0.255368	0.0670098	0.155623	2072.27	5361.35	
0.14017	0.135108	1.0091	0.235557	0.0040618	0.0841744	1662.86	3314.3	
0.143566	0.136701	1.04424	0.323586	0.016911	0.244374	1610.88	3054.41	
0.143692	0.1367	1.07555	0.352601	0.0423177	0.233089	1622.7	3113.51	
0.144498	0.136934	1.10749	0.383977	0.0493054	0.199802	1599.39	2996.96	
0.100895	0.0996974	1.13826	0.0179999	-0.0376969	0.054296	2616.01	8080.04	
0.100792	0.0999955	1.17165	0.0132437	-0.0252399	0.0268385	2602.28	8011.4	
0.100796	0.0999558	1.2054	0.0133231	-0.0270604	0.00823066	2598.28	7991.42	
0.100754	0.0999478	1.2395	0.0115862	-0.0272478	0.00403035	2596.96	7984.79	
0.10089	0.100061	1.27375	0.0167403	-0.0230839	0.00512309	2590.79	7953.93	
0.103034	0.134655	1.13816	0.10013	-0.0468291	0.056566	2212.81	6064.07	
0.102915	0.134804	1.17164	0.0931864	-0.0402416	0.0274753	2196.57	5982.87	
0.102929	0.134761	1.20539	0.0942308	-0.0414748	0.00818018	2191.68	5958.41	
0.102896	0.134737	1.23941	0.0931783	-0.042289	0.000257134	2189.87	5949.36	
0.103	0.134866	1.27346	0.0984198	-0.0411952	-0.00153523	2185.8	5928.99	
0.142041	0.102648	1.13877	0.279401	0.0705215	0.0797251	2036.49	5182.47	
0.141872	0.102993	1.17157	0.274493	0.0835836	0.0282124	2019.66	5098.31	
0.141627	0.102979	1.20528	0.26867	0.0845319	0.00306674	2014.25	5071.26	
0.141547	0.102989	1.23923	0.265137	0.085282	-0.00786093	2013.75	5068.74	
0.141498	0.103081	1.27355	0.259191	0.0912007	0.00264748	2010.45	5052.26	
0.145076	0.136764	1.13917	0.412347	0.0510843	0.10128	1565.73	2828.63	
0.144851	0.136918	1.17168	0.403977	0.0581168	0.0356123	1552.02	2760.12	
0.144707	0.136874	1.20518	0.40393	0.0578965	-0.000474352	1540.56	2702.79	
0.144673	0.136865	1.23901	0.402489	0.0574938	-0.016225	1536.84	2684.21	
0.144803	0.136838	1.27334	0.403126	0.0502568	-0.000380434	1533.89	2669.45	
0.101359	0.100147	1.30756	0.0376609	-0.0186508	-0.0177779	2583.66	7918.3	
0.100872	0.100054	1.34205	0.0174287	-0.0221494	8.91839e-05	2584.74	7923.68	
0.101118	0.100269	1.37698	0.0290585	-0.0118009	0.0358828	2554.14	7770.71	
0.102494	0.10163	1.41483	0.0902192	0.0490804	0.198991	2409.37	7046.87	
0.103645	0.134733	1.30718	0.126204	-0.0422583	-0.0270846	2171.72	5858.6	
0.10311	0.134809	1.34194	0.103057	-0.0395597	-0.00344844	2169.03	5845.14	
0.103525	0.134869	1.37737	0.123199	-0.035447	0.0553398	2125.48	5627.39	
0.105296	0.135834	1.41646	0.201061	0.00197177	0.274179	1950.66	4753.28	
0.142333	0.103216	1.30761	0.29385	0.0948963	-0.012263	1997.55	4987.74	
0.141904	0.10319	1.34181	0.276579	0.0932319	-0.00531347	1994.84	4974.21	
0.141568	0.103619	1.37727	0.266717	0.115069	0.0509371	1956.58	4782.91	
0.14234	0.105088	1.41641	0.292698	0.179956	0.269557	1802.63	4013.16	
0.145552	0.137037	1.30737	0.435306	0.0647101	-0.0175399	1523.94	2619.68	
0.145096	0.137029	1.34178	0.416274	0.0640829	-0.00248271	1517.16	2585.82	
0.145037	0.137234	1.37826	0.420823	0.076088	0.0984475	1464.39	2321.95	
0.146275	0.13871	1.41954	0.462714	0.131375	0.400639	1309.57	1547.85	
0.104862	0.103493	1.45992	0.16536	0.100599	0.543875	2148.16	5740.78	
0.109853	0.108668	1.51317	0.213922	0.15797	0.718521	1686.1	3430.51	
0.107819	0.135777	1.46409	0.267978	0.0317836	0.661338	1689.6	3448	
0.111338	0.141019	1.51859	0.238027	0.163563	0.853862	1367.97	1839.83	
0.142677	0.107205	1.46381	0.338905	0.21597	0.631909	1571.5	2857.49	
0.147216	0.110548	1.51667	0.419134	0.200372	0.785642	1311.89	1559.43	
0.147659	0.139856	1.46989	0.535216	0.203891	0.796547	1164.02	820.103	
0.103445	0.167509	1.00818	0.121103	-0.115958	0.0161626	2225.56	6127.78	
0.101782	0.17047	1.04216	0.0734106	-0.0542601	0.185703	2283.83	6419.16	
0.103003	0.169669	1.07459	0.105523	-0.0540628	0.202449	2255.52	6277.6	
0.103321	0.16961	1.10667	0.116567	-0.0478074	0.15593	2220.41	6102.06	
0.102599	0.202625	1.00789	0.090608	-0.0916648	0.00274722	2243.98	6219.92	
0.101482	0.205715	1.04199	0.0515332	-0.0163371	0.183106	2287.07	6435.37	
0.102431	0.204782	1.07437	0.0788818	-0.0258179	0.195117	2263.18	6315.92	
0.102742	0.204887	1.10633	0.0933755	-0.0140342	0.144521	2228.53	6142.67	
0.102607	0.237399	1.00779	0.0910879	-0.0702591	-0.000133419	2253.07	6265.37	
0.101377	0.240528	1.04195	0.048436	0.00689928	0.18053	2297.72	6488.61	
0.102389	0.239599	1.07432	0.0779437	-0.00243924	0.193675	2273.49	6367.43	
0.102709	0.239657	1.10639	0.092279	0.00728873	0.146421	2238.59	6192.93	
0.102687	0.271956	1.00775	0.0938422	-0.0568415	-0.00201885	2254.87	6274.37	
0.101463	0.27519	1.04194	0.0514339	0.0246433	0.180143	2299.83	6499.15	
0.102501	0.274208	1.07431	0.0815277	0.0134533	0.193005	2275.21	6376.06	
0.102742	0.274167	1.10636	0.0927247	0.0190383	0.145246	2243.27	6216.33	
0.142266	0.168676	1.00942	0.325802	-0.0622005	0.0992613	1621.38	3106.88	
0.145827	0.170815	1.04409	0.412326	-0.0201667	0.24004	1566.57	2832.83	
0.146011	0.17092	1.07598	0.445827	0.00423775	0.245324	1580.88	2904.4	
0.146861	0.170747	1.10806	0.476684	0.00862854	0.213464	1558.05	2790.23	
0.141789	0.202399	1.00938	0.304851	-0.0920292	0.103729	1623.33	3116.67	
0.145581	0.204885	1.04405	0.398467	-0.0377671	0.238472	1567.54	2837.69	
0.145672	0.204796	1.07601	0.42946	-0.0198462	0.245054	1580.91	2904.57	
0.146619	0.204781	1.10799	0.465952	-0.0109637	0.213474	1554.63	2773.14	
0.141611	0.236717	1.00936	0.301588	-0.0963122	0.10549	1628.02	3140.09	
0.145389	0.239381	1.04399	0.395113	-0.036686	0.237386	1568.43	2842.15	
0.145518	0.239297	1.07595	0.428603	-0.0194676	0.24378	1580.79	2903.96	
0.146462	0.23924	1.10795	0.465656	-0.0107626	0.211308	1552.86	2764.3	
0.141849	0.271355	1.00926	0.300836	-0.0682425	0.101705	1629.61	3148.05	
0.145432	0.27418	1.04383	0.396259	-0.0129538	0.236407	1569.83	2849.15	
0.145653	0.27407	1.07585	0.427446	0.00822595	0.241998	1582.71	2913.54	
0.146439	0.274004	1.10788	0.459613	0.0135353	0.206638	1557.97	2789.84	
0.104106	0.168937	1.13874	0.152763	-0.069793	0.0760141	2182.31	5911.55	
0.103847	0.169042	1.17194	0.138714	-0.0666877	0.0394622	2164.23	5821.15	
0.103901	0.16897	1.20553	0.14194	-0.0696691	0.013876	2157.72	5788.58	
0.103881	0.168968	1.23951	0.14187	-0.0711195	0.00513197	2155.24	5776.22	
0.104051	0.169046	1.27367	0.147878	-0.0677302	0.000536817	2149.98	5749.89	
0.103585	0.203876	1.13841	0.132209	-0.0525466	0.062126	2186.87	5934.36	
0.103149	0.204139	1.17182	0.113015	-0.0418196	0.0340245	2171.86	5859.28	
0.103276	0.204033	1.20549	0.116761	-0.04606	0.012136	2163.49	5817.46	
0.103235	0.203991	1.2395	0.115437	-0.0479836	0.00365061	2161.38	5806.91	
0.103355	0.204118	1.27353	0.123927	-0.0435765	-0.00424668	2159.09	5795.47	
0.103563	0.238677	1.13845	0.132175	-0.0310002	0.0633249	2195.77	5978.84	
0.10321	0.238907	1.17181	0.113427	-0.0215675	0.0331502	2178.12	5890.59	
0.103255	0.238799	1.2055	0.116477	-0.0258515	0.0123743	2172.46	5862.28	
0.103227	0.23878	1.2395	0.115434	-0.0268153	0.0037273	2170.18	5850.88	
0.10341	0.238853	1.2736	0.123957	-0.0239074	-0.00176188	2166.32	5831.59	
0.103477	0.273365	1.13846	0.128196	-0.014618	0.065505	2202.72	6013.61	
0.103302	0.273447	1.17181	0.116367	-0.00905286	0.033763	2181.23	5906.14	
0.103337	0.273376	1.2055	0.118835	-0.0119051	0.0124157	2175.54	5877.68	
0.103314	0.273349	1.23952	0.118078	-0.0130384	0.00442999	2172.75	5863.76	
0.10345	0.273376	1.27364	0.125092	-0.0117454	-0.000175849	2169.6	5848	
0.147826	0.17015	1.13989	0.519562	-0.0129213	0.126488	1525.25	2626.23	
0.147655	0.170411	1.17203	0.516102	-0.00196728	0.0497219	1509.48	2547.42	
0.147515	0.170274	1.20525	0.51725	-0.00689307	0.00206878	1494.74	2473.69	
0.147453	0.170251	1.239	0.515348	-0.0101866	-0.0169062	1490.04	2450.21	
0.147411	0.170327	1.27334	0.508361	-0.00503411	-0.00874134	1487.56	2437.79	
0.147472	0.203716	1.13991	0.505389	-0.0509703	0.128657	1519.63	2598.17	
0.14725	0.20398	1.17205	0.499665	-0.0391366	0.0518181	1504.29	2521.45	
0.14714	0.203792	1.20528	0.502395	-0.0465952	0.00389577	1489.05	2445.27	
0.14708	0.20374	1.23899	0.500845	-0.0499552	-0.0188863	1484.69	2423.45	
0.147152	0.203828	1.27324	0.498016	-0.046645	-0.00916263	1481.11	2405.57	
0.147319	0.237998	1.13989	0.505688	-0.0570917	0.127589	1515.06	2575.31	
0.147195	0.238192	1.17203	0.503286	-0.0493976	0.0505174	1498.93	2494.64	
0.14706	0.237995	1.20529	0.505099	-0.0579506	0.00377223	1484.67	2423.36	
0.146999	0.237975	1.23898	0.503449	-0.0605094	-0.0188992	1480.61	2403.05	
0.147075	0.23808	1.27321	0.501067	-0.0552843	-0.011499	1476.7	2383.5	
0.147402	0.273044	1.13976	0.50294	-0.020259	0.12311	1518.54	2592.68	
0.147159	0.272928	1.17199	0.494946	-0.0245302	0.0486886	1501.09	2505.43	
0.147078	0.272769	1.20528	0.498548	-0.0310244	0.00336592	1486.59	2432.93	
0.14702	0.272739	1.23901	0.496787	-0.0335627	-0.0176907	1482.3	2411.51	
0.147109	0.272787	1.27326	0.496346	-0.0327458	-0.0120925	1479.06	2395.29	
0.10489	0.169013	1.3073	0.185849	-0.0663334	-0.0256311	2131.76	5658.79	
0.104219	0.168792	1.34213	0.156906	-0.0774542	0.00475873	2126.75	5633.76	
0.104861	0.168671	1.3783	0.187241	-0.0833676	0.0968601	2068.01	5340.04	
0.106982	0.168574	1.41896	0.270347	-0.06872	0.354838	1868.85	4344.27	
0.104392	0.203885	1.30708	0.165943	-0.0519354	-0.0348095	2134.62	5673.12	
0.103447	0.203738	1.34214	0.127983	-0.0600628	0.00535451	2132.26	5661.29	
0.104069	0.203197	1.37833	0.15898	-0.0811086	0.0963709	2073.24	5366.19	
0.106424	0.203576	1.41796	0.256421	-0.0622705	0.328948	1866.68	4333.38	
0.104366	0.238616	1.30712	0.165925	-0.0337925	-0.0334942	2143.79	5718.97	
0.103581	0.238395	1.34218	0.131907	-0.0446391	0.0065041	2136.84	5684.18	
0.104146	0.237948	1.37821	0.161554	-0.0639112	0.092417	2080.78	5403.91	
0.106465	0.238258	1.41814	0.258356	-0.0490194	0.335678	1873.25	4366.26	
0.10423	0.273044	1.3073	0.160236	-0.0274559	-0.0246144	2149.79	5748.93	
0.103662	0.272989	1.3422	0.134338	-0.0300368	0.008075	2139.49	5697.46	
0.104177	0.272533	1.37819	0.161792	-0.0499799	0.0919061	2084.43	5422.14	
0.106286	0.272464	1.41796	0.249951	-0.0514919	0.327942	1888.55	4442.75	
0.148541	0.170272	1.30744	0.55406	-0.00714175	-0.0179987	1475.67	2378.33	
0.148006	0.170201	1.34206	0.533965	-0.010954	0.0100148	1464.74	2323.7	
0.147996	0.170077	1.37945	0.541745	-0.0167254	0.151525	1399.43	1997.14	
0.149475	0.17026	1.42233	0.592667	0.0142745	0.487135	1242.12	1210.61	
0.148281	0.203681	1.30746	0.544305	-0.0526847	-0.0153502	1467.81	2339.04	
0.147654	0.203427	1.34224	0.520542	-0.0643628	0.0192266	1453.7	2268.5	
0.14772	0.20287	1.37972	0.532942	-0.0831139	0.160124	1385.49	1927.45	
0.149505	0.20334	1.42162	0.59414	-0.0608692	0.478306	1218.34	1091.7	
0.148156	0.237785	1.30747	0.545945	-0.0668017	-0.0156313	1462.77	2313.84	
0.147636	0.237404	1.34229	0.525978	-0.084574	0.0203953	1447.08	2235.42	
0.1477	0.236889	1.37961	0.538202	-0.105546	0.158016	1380.08	1900.42	
0.14949	0.237208	1.42178	0.5999	-0.0899078	0.48403	1211.67	1058.34	
0.148135	0.272579	1.30755	0.53828	-0.0398386	-0.0122453	1463.84	2319.22	
0.147606	0.272165	1.3423	0.517596	-0.0589788	0.0210671	1448.52	2242.58	
0.147731	0.271572	1.37958	0.531596	-0.0826647	0.156964	1380.82	1904.09	
0.149371	0.27162	1.42174	0.588729	-0.0807751	0.480325	1222.27	1111.35	
0.109744	0.167402	1.46597	0.340073	-0.0669201	0.706135	1614.15	3070.74	
0.113116	0.172492	1.51884	0.301899	0.0851062	0.852635	1311.69	1558.43	
0.109471	0.200732	1.46559	0.346546	-0.119106	0.701308	1597.27	2986.34	
0.113391	0.204999	1.51914	0.316605	0.0156948	0.859744	1275.24	1376.21	
0.10976	0.234564	1.46592	0.358651	-0.139888	0.7122	1586.37	2931.86	
0.113778	0.238164	1.51929	0.334099	-0.0289533	0.866096	1259.89	1299.45	
0.109732	0.268786	1.46568	0.357503	-0.142176	0.702658	1592.78	2963.9	
0.113813	0.271727	1.5194	0.335724	-0.0571678	0.870438	1260.2	1300.98	
0.151221	0.17027	1.47196	0.679685	0.0440921	0.843426	1127.29	636.441	
0.151524	0.20195	1.47199	0.702366	-0.0583129	0.846832	1091.75	458.773	
0.15163	0.234841	1.47231	0.713751	-0.116497	0.855746	1071.52	357.606	
0.151314	0.269135	1.47207	0.687947	-0.106546	0.855204	1071.87	359.375	
0.103642	0.305593	1.00788	0.132925	-0.0791038	0.00801472	2237.6	6188	
0.101876	0.309069	1.04197	0.0831537	0.000947815	0.178785	2295.14	6475.71	
0.103155	0.308035	1.07454	0.117611	-0.00798173	0.199641	2264.8	6324.01	
0.103479	0.307915	1.10674	0.128077	-0.00399557	0.159247	2229.01	6145.05	
0.102538	0.340827	1.00779	0.08724	-0.0381826	0.000387877	2241.99	6209.95	
0.101359	0.344092	1.04188	0.0448727	0.0427008	0.179163	2284.8	6424.01	
0.102288	0.343141	1.07437	0.0712875	0.0314589	0.195123	2261.96	6309.82	
0.102584	0.343139	1.10641	0.0852834	0.0395461	0.146616	2228.29	6141.45	
0.102459	0.376442	1.0078	0.0769741	0.000890664	-0.00429267	2242.98	6214.9	
0.1011	0.379577	1.04205	0.0285399	0.0768808	0.183414	2295.83	6479.13	
0.102039	0.378703	1.07417	0.0546367	0.0689157	0.187005	2271.83	6359.13	
0.102284	0.378538	1.10634	0.0664797	0.0686101	0.144554	2242.82	6214.12	
0.101075	0.411326	1.00859	0.00999171	-0.0323667	-0.00146809	2586.67	7933.36	
0.0993437	0.415963	1.04149	-0.0548024	0.0970904	0.16995	2726.73	8633.66	
0.10039	0.413912	1.07375	-0.018874	0.0520569	0.172398	2680.7	8403.5	
0.10046	0.413932	1.10589	-0.0127022	0.0579606	0.126138	2649.2	8245.99	
0.142736	0.305968	1.00938	0.345033	-0.0638947	0.103557	1617.72	3088.59	
0.146263	0.308601	1.04401	0.430423	-0.00704049	0.236652	1558.58	2792.9	
0.146433	0.308505	1.07598	0.463507	0.0113469	0.24428	1572.1	2860.49	
0.147419	0.30814	1.10823	0.499244	0.0081406	0.220509	1547.68	2738.39	
0.141575	0.340282	1.00933	0.295527	-0.057007	0.103843	1623.29	3116.47	
0.145205	0.342877	1.04394	0.382495	-0.000114056	0.234993	1569.51	2847.57	
0.145249	0.34276	1.07602	0.412702	0.0141571	0.245625	1583.38	2916.92	
0.146291	0.342507	1.10797	0.452063	0.0155514	0.211149	1556.14	2780.71	
0.140038	0.374822	1.00907	0.238126	-0.0775408	0.0886878	1653.57	3267.84	
0.143165	0.377329	1.04388	0.304213	-0.021684	0.234021	1612.58	3062.89	
0.1432	0.377312	1.07562	0.336862	-0.00473682	0.23049	1623.26	3116.28	
0.144216	0.376795	1.10768	0.375249	-0.0129171	0.201707	1597.43	2987.16	
0.138177	0.407822	1.00844	0.12574	-0.167721	0.0410523	2079.39	5396.94	
0.140556	0.411927	1.04167	0.17055	-0.0686209	0.165454	2170.49	5852.43	
0.140106	0.410678	1.0742	0.183481	-0.077553	0.179283	2135.66	5678.3	
0.140689	0.410691	1.10655	0.210497	-0.0679048	0.15177	2098.84	5494.21	
0.104458	0.307243	1.13873	0.172845	-0.02777	0.0764296	2184.8	5924.01	
0.104156	0.307205	1.17195	0.157146	-0.0303435	0.0395774	2165.18	5825.89	
0.104235	0.307097	1.20555	0.161589	-0.0346788	0.0146558	2158.47	5792.34	
0.104207	0.307046	1.23954	0.160984	-0.0372207	0.00540268	2155.76	5778.78	
0.104377	0.307044	1.27369	0.166804	-0.0370136	0.00176057	2150.48	5752.39	
0.103383	0.342361	1.13839	0.122272	0.00707345	0.062574	2187.09	5935.45	
0.103017	0.342414	1.1718	0.103306	0.0109081	0.0340303	2168.59	5842.94	
0.103074	0.342289	1.20551	0.106804	0.00600738	0.0128513	2162.57	5812.83	
0.103045	0.342223	1.23953	0.105832	0.003165	0.00507059	2160.1	5800.5	
0.103211	0.342235	1.2736	0.114153	0.0039447	-0.00222163	2157.1	5785.51	
0.102871	0.377846	1.13837	0.0927703	0.0355766	0.0669299	2205.48	6027.4	
0.10265	0.377795	1.17173	0.0811373	0.0399078	0.0322233	2187.55	5937.75	
0.102693	0.377737	1.20546	0.0836445	0.0368635	0.0112553	2181.38	5906.9	
0.102662	0.377691	1.23949	0.0824617	0.0349312	0.00357192	2179.03	5895.17	
0.102831	0.377645	1.27361	0.0908261	0.0333986	-0.000967612	2175.8	5878.99	
0.100759	0.413337	1.13839	0.00357507	0.031945	0.0606163	2616.21	8081.05	
0.100861	0.413093	1.17175	0.00347386	0.0243472	0.031068	2594.3	7971.48	
0.10084	0.413041	1.20548	0.00308369	0.0220738	0.011834	2588.29	7941.46	
0.100824	0.413001	1.23954	0.0024434	0.0201738	0.00600638	2585.23	7926.14	
0.100922	0.412893	1.27379	0.00807494	0.0167437	0.00594957	2581.02	7905.11	
0.148465	0.307305	1.14007	0.546064	-0.0255603	0.134609	1510.72	2553.6	
0.148337	0.307379	1.17213	0.54445	-0.0222058	0.0542165	1492.48	2462.41	
0.148219	0.307158	1.20528	0.547064	-0.0309738	0.00348338	1477.1	2385.49	
0.148157	0.307109	1.23898	0.5454	-0.0342919	-0.0191591	1472.59	2362.95	
0.148165	0.307091	1.27336	0.539931	-0.0326298	-0.00741552	1469.93	2349.64	
0.147136	0.341488	1.13997	0.491463	-0.0278497	0.132962	1520.89	2604.43	
0.1469	0.341569	1.17206	0.484168	-0.0218653	0.0532062	1504.68	2523.42	
0.146752	0.341328	1.20531	0.485805	-0.0313998	0.00523488	1489.61	2448.03	
0.146695	0.341239	1.239	0.484485	-0.0362427	-0.0177833	1485.43	2427.16	
0.146857	0.341235	1.27322	0.48524	-0.0345738	-0.0114251	1481.1	2405.48	
0.144863	0.375593	1.13978	0.408102	-0.0651332	0.128785	1560.39	2801.94	
0.144603	0.375585	1.17196	0.399591	-0.0612533	0.0495038	1547.02	2735.12	
0.144467	0.375344	1.20534	0.400433	-0.0726695	0.00727031	1533.22	2666.09	
0.144404	0.375312	1.23906	0.398581	-0.0756757	-0.0146326	1529.72	2648.62	
0.144632	0.375275	1.27319	0.40162	-0.0740573	-0.00967863	1523.81	2619.05	
0.141187	0.409458	1.13907	0.234371	-0.113402	0.0933526	2038.97	5194.86	
0.140926	0.409267	1.17179	0.224203	-0.119821	0.0378155	2020.33	5101.63	
0.140756	0.409042	1.20543	0.221415	-0.131183	0.0106403	2009.76	5048.78	
0.140663	0.409011	1.23933	0.217799	-0.134194	-0.00326819	2008.49	5042.45	
0.140798	0.409011	1.27349	0.221606	-0.134669	-0.00219475	2002.7	5013.52	
0.105339	0.307058	1.30728	0.210323	-0.0363214	-0.0253473	2127.71	5638.57	
0.104645	0.306607	1.34226	0.180588	-0.0572731	0.010981	2118.73	5593.64	
0.105369	0.306084	1.37867	0.213513	-0.07957	0.111407	2053.53	5267.63	
0.107611	0.30534	1.41955	0.300168	-0.0872906	0.374173	1846.51	4232.55	
0.104191	0.342171	1.30707	0.156343	-0.00156171	-0.0334714	2133.39	5666.96	
0.103357	0.341783	1.34218	0.120538	-0.0180301	0.00791616	2126.18	5630.88	
0.103959	0.340927	1.37837	0.150016	-0.0528451	0.0963948	2069.73	5348.67	
0.106163	0.340698	1.41789	0.24503	-0.0593432	0.325968	1871.41	4357.05	
0.103609	0.377527	1.30716	0.123655	0.0212987	-0.0243941	2157.37	5786.84	
0.102925	0.377128	1.34213	0.0949419	0.00951868	0.00647111	2150.65	5753.25	
0.103414	0.376448	1.37784	0.11838	-0.0216912	0.0757593	2103.34	5516.71	
0.105315	0.375851	1.41696	0.200049	-0.0460065	0.285698	1922.91	4614.56	
0.101299	0.412768	1.30768	0.0262919	0.007512	-0.0105143	2573.95	7869.76	
0.101015	0.412512	1.34228	0.0114258	-0.0024494	0.0111363	2562.21	7811.04	
0.101266	0.411845	1.37745	0.0240189	-0.0328761	0.0567588	2523.14	7615.72	
0.10261	0.41084	1.4153	0.0829134	-0.0764948	0.210264	2376.97	6884.85	
0.149322	0.306931	1.30755	0.587297	-0.0426724	-0.0122893	1454.38	2271.92	
0.148823	0.306533	1.34232	0.568929	-0.0607256	0.0219626	1438.83	2194.15	
0.148892	0.305797	1.37998	0.580966	-0.0916054	0.173061	1368.73	1843.63	
0.150523	0.305025	1.42303	0.638266	-0.0957033	0.508934	1208.15	1040.75	
0.147953	0.341075	1.30755	0.530705	-0.0471065	-0.00959538	1467.41	2337.07	
0.147353	0.340569	1.34229	0.507272	-0.0677018	0.0223152	1452.51	2262.57	
0.147421	0.339473	1.37964	0.520147	-0.10912	0.154873	1387.93	1939.65	
0.149145	0.339013	1.42149	0.579897	-0.125005	0.473052	1223.66	1118.29	
0.145537	0.374911	1.30764	0.440555	-0.0962287	-0.00214882	1511.24	2556.18	
0.144959	0.374399	1.34218	0.417879	-0.115026	0.017202	1500.16	2500.79	
0.14494	0.373307	1.37886	0.426161	-0.163822	0.122888	1445.13	2225.66	
0.146458	0.372167	1.41995	0.478668	-0.206383	0.412634	1287.63	1438.15	
0.14153	0.40863	1.30784	0.251493	-0.149581	0.000552318	1984.48	4922.39	
0.141056	0.40822	1.34224	0.231413	-0.167679	0.0149596	1970.05	4850.25	
0.140907	0.40723	1.37795	0.230122	-0.213917	0.0799151	1917.39	4586.97	
0.141822	0.406162	1.41692	0.265052	-0.258167	0.281021	1764.05	3820.24	
0.110801	0.302143	1.46684	0.385852	-0.163203	0.738905	1566.07	2830.33	
0.114397	0.305049	1.51978	0.349882	-0.0875458	0.88583	1249.03	1245.17	
0.109285	0.336624	1.46569	0.339367	-0.168954	0.706161	1597.56	2987.78	
0.113072	0.338332	1.51934	0.304198	-0.138006	0.868689	1291.44	1457.21	
0.108228	0.370487	1.46433	0.287324	-0.201937	0.669099	1648.22	3241.09	
0.111745	0.370426	1.52009	0.258592	-0.213425	0.905993	1346.4	1731.99	
0.105476	0.40516	1.45957	0.186976	-0.22561	0.506126	2027.4	5137.02	
0.109601	0.401748	1.51041	0.215046	-0.242842	0.662305	1649.55	3247.74	
0.152523	0.302782	1.47287	0.73645	-0.147977	0.875031	1077.95	389.759	
0.151135	0.335775	1.472	0.688292	-0.198764	0.848133	1093.3	466.483	
0.148499	0.367053	1.47052	0.592197	-0.326307	0.816055	1123.13	615.673	
0.142808	0.401041	1.46363	0.34651	-0.342928	0.612247	1424.42	2122.1	
0.147307	0.400531	1.51571	0.432883	-0.249689	0.782138	1247.8	1238.99	
0.283796	0.110492	0.970947	0.34698	0.230488	0.285659	1386.95	1934.74	
0.290001	0.143177	0.974773	0.536703	0.243876	0.378053	1132.52	662.602	
0.276208	0.110081	1.00985	0.758351	0.106035	0.612884	1367.52	1837.59	
0.277746	0.141362	1.01048	0.839933	0.171053	0.61467	1229.57	1147.85	
0.185028	0.105412	1.01053	0.526183	0.160822	0.0773151	1830.07	4150.33	
0.191202	0.104134	1.04312	0.695177	0.117271	0.208762	1806.72	4033.59	
0.190391	0.104802	1.07438	0.67805	0.120216	0.183037	1797.82	3989.08	
0.190105	0.104725	1.10528	0.672925	0.115696	0.101801	1782.33	3911.66	
0.186734	0.136179	1.01074	0.582737	0.0277155	0.11181	1426.78	2133.92	
0.194959	0.138014	1.04494	0.811386	0.0554046	0.249048	1383.09	1915.46	
0.194465	0.137787	1.07593	0.797364	0.063432	0.227777	1406.44	2032.19	
0.195366	0.138005	1.10692	0.840377	0.0710201	0.166242	1396.39	1981.93	
0.238907	0.107708	1.00488	0.697695	0.137557	-0.181972	1568.87	2844.35	
0.247012	0.106577	1.04298	0.900473	0.0676922	0.177968	1589.81	2949.04	
0.247182	0.10687	1.07365	0.922559	0.0533847	0.171628	1532.41	2662.06	
0.24615	0.107546	1.10511	0.884149	0.0720541	0.112174	1495.26	2476.3	
0.239355	0.138737	1.00872	0.687609	0.10158	-0.0391926	1291.22	1456.12	
0.250539	0.140847	1.0468	1.00764	0.082308	0.279528	1336.15	1680.73	
0.250798	0.140747	1.07649	1.02071	0.0929846	0.261552	1318.8	1593.99	
0.251915	0.141296	1.10711	1.06449	0.120973	0.18374	1297.2	1485.99	
0.192044	0.105539	1.13722	0.706714	0.135596	0.0680253	1716.89	3584.47	
0.190704	0.105642	1.17016	0.70737	0.151287	-0.0180547	1701.06	3505.3	
0.190907	0.105816	1.20406	0.711647	0.158677	-0.0443738	1688.75	3443.75	
0.19083	0.105803	1.23794	0.707483	0.159003	-0.0620504	1693.37	3466.86	
0.190316	0.105532	1.27155	0.687705	0.149823	-0.0829195	1710.32	3551.62	
0.196778	0.138127	1.1381	0.856754	0.0877951	0.0992655	1353.17	1765.85	
0.195536	0.13821	1.17046	0.857706	0.0868044	-0.000899045	1329.73	1648.66	
0.195701	0.138358	1.20386	0.861333	0.0930983	-0.0496327	1314.79	1573.93	
0.195715	0.138403	1.23755	0.860359	0.0948089	-0.075223	1315.02	1575.09	
0.195929	0.138228	1.2715	0.870607	0.0855629	-0.0790765	1322.79	1613.94	
0.247781	0.108048	1.1363	0.937472	0.0881851	0.0172763	1454.13	2270.66	
0.247425	0.10811	1.16901	0.937452	0.0962682	-0.0489781	1428.88	2144.38	
0.247333	0.108396	1.20232	0.933462	0.107923	-0.0857161	1413.84	2069.19	
0.247564	0.108506	1.23629	0.941601	0.11346	-0.0967797	1402.66	2013.29	
0.24625	0.10865	1.27083	0.89288	0.117356	-0.092097	1409.01	2045.07	
0.253047	0.141801	1.13779	1.10218	0.134775	0.068049	1270.39	1351.95	
0.251911	0.141716	1.1695	1.07584	0.138294	-0.0290369	1241.51	1207.53	
0.252008	0.141928	1.2025	1.08088	0.148022	-0.0785602	1223.34	1116.72	
0.252214	0.142067	1.23628	1.08782	0.154949	-0.0984062	1208.24	1041.18	
0.252515	0.142002	1.27087	1.09746	0.15723	-0.0945052	1210.42	1052.1	
0.192251	0.106385	1.30536	0.717361	0.171464	-0.0517833	1667.01	3335.07	
0.190669	0.106098	1.3404	0.706448	0.173325	-0.0500442	1664.97	3324.83	
0.190517	0.106889	1.37694	0.692373	0.208899	0.0439163	1613.05	3065.25	
0.189022	0.108508	1.41657	0.646952	0.270987	0.253601	1497.92	2489.58	
0.196972	0.138629	1.3055	0.867467	0.111885	-0.0490003	1302.91	1514.56	
0.19564	0.138637	1.34072	0.863526	0.107899	-0.0285423	1281.78	1408.89	
0.195462	0.139387	1.37843	0.847693	0.143354	0.115553	1221.59	1107.94	
0.194596	0.141387	1.42044	0.829254	0.22032	0.401877	1120.31	601.545	
0.248043	0.109059	1.30436	0.949939	0.131769	-0.105725	1399.49	1997.47	
0.247179	0.108793	1.33948	0.926226	0.128613	-0.0695572	1385.63	1928.16	
0.246327	0.109761	1.37591	0.891643	0.169279	0.0284607	1335.97	1679.86	
0.244393	0.11164	1.41537	0.81821	0.240171	0.230009	1221.79	1108.93	
0.25332	0.142513	1.30515	1.11703	0.169102	-0.0844113	1211.93	1059.63	
0.2519	0.142395	1.34012	1.07631	0.171602	-0.0420107	1184.53	922.673	
0.251193	0.143305	1.37778	1.04852	0.21305	0.108425	1132.13	660.626	
0.249598	0.14549	1.41867	0.985055	0.303621	0.348216	1027.23	136.163	
0.15278	0.144802	1.52419	0.599246	0.266766	1.02018	1082.5	412.518	
0.187639	0.110781	1.46159	0.593933	0.310254	0.584754	1312.51	1562.57	
0.188452	0.113414	1.51385	0.622517	0.259687	0.684721	1122.04	610.217	
0.193561	0.1434	1.46838	0.786036	0.315189	0.743476	1026.9	134.517	
0.195216	0.146887	1.51976	0.800641	0.315688	0.849056	1010.12	50.6089	
0.239926	0.114248	1.45933	0.704151	0.294547	0.487449	1071.86	359.315	
0.23371	0.116532	1.50656	0.56598	0.262386	0.520106	918.33	-408.35	
0.244629	0.147563	1.46562	0.843428	0.367049	0.63295	963.777	-181.117	
0.290313	0.173212	0.975164	0.556349	0.108784	0.373703	1120.8	603.999	
0.291361	0.205342	0.976311	0.602224	0.0330897	0.422515	1085.67	428.361	
0.291521	0.238015	0.977016	0.611856	-0.0298334	0.451932	1064.51	322.552	
0.29199	0.271181	0.977359	0.622123	-0.0696964	0.464984	1056.32	281.582	
0.280117	0.17302	1.00898	0.926767	0.0940651	0.534015	1247.56	1237.8	
0.280065	0.203984	1.0101	0.922676	0.003872	0.572205	1237.73	1188.67	
0.280012	0.236605	1.01019	0.919619	-0.0575659	0.574013	1207.47	1037.35	
0.279998	0.269835	1.01025	0.920393	-0.101578	0.577724	1195.81	979.041	
0.190574	0.168158	1.01162	0.677216	-0.0274117	0.13274	1363.75	1818.77	
0.198884	0.170475	1.04498	0.901412	0.0114857	0.245019	1335.13	1675.67	
0.198621	0.170445	1.07644	0.895075	0.0304545	0.236419	1368.01	1840.05	
0.198767	0.170302	1.10735	0.905647	0.0324405	0.180361	1360.97	1804.83	
0.18936	0.201206	1.01179	0.683086	-0.119964	0.147921	1348.95	1744.73	
0.197631	0.203791	1.04511	0.904324	-0.0641959	0.256085	1321.84	1609.18	
0.197474	0.203507	1.0764	0.904347	-0.054462	0.237065	1354.18	1770.9	
0.198073	0.203725	1.10705	0.932067	-0.0386284	0.172926	1343.49	1717.46	
0.189778	0.235119	1.01184	0.692734	-0.151026	0.156648	1346.75	1733.73	
0.198082	0.237671	1.04507	0.915738	-0.0991456	0.25618	1315.93	1579.67	
0.197967	0.237429	1.07639	0.917278	-0.0889089	0.23884	1348.91	1744.56	
0.198481	0.237595	1.10704	0.941351	-0.0727791	0.170211	1336.62	1683.08	
0.189494	0.269125	1.01161	0.683276	-0.163021	0.153096	1360.03	1800.17	
0.197652	0.271518	1.04502	0.901689	-0.114069	0.256172	1331.58	1657.92	
0.197462	0.271303	1.07641	0.899681	-0.102691	0.239593	1361.74	1808.72	
0.198174	0.271487	1.10723	0.9309	-0.0859053	0.174815	1347.35	1736.76	
0.245124	0.169991	1.00737	0.855032	0.0101313	-0.0944313	1287.04	1435.19	
0.25575	0.172064	1.04618	1.14909	0.0215389	0.240916	1343.44	1717.2	
0.25698	0.172274	1.07703	1.19715	0.0478552	0.26902	1327.34	1636.71	
0.255922	0.172498	1.10771	1.16032	0.0650666	0.203897	1313.2	1566.01	
0.24474	0.201467	1.00869	0.857625	-0.0860032	-0.0524367	1252.59	1262.95	
0.2547	0.203421	1.04679	1.12403	-0.0715148	0.256891	1321.54	1607.7	
0.255911	0.203746	1.0774	1.16951	-0.0361091	0.281194	1306.72	1533.62	
0.255695	0.204335	1.10794	1.16929	-0.00497007	0.216308	1287.12	1435.58	
0.245594	0.233996	1.00913	0.88782	-0.148748	-0.0327202	1229.05	1145.27	
0.255333	0.236173	1.04715	1.14934	-0.123309	0.272469	1291.83	1459.17	
0.256532	0.236527	1.07743	1.19483	-0.0861784	0.282553	1272.99	1364.96	
0.256302	0.23703	1.10795	1.19452	-0.0601833	0.21803	1252.99	1264.93	
0.244537	0.267158	1.01023	0.85862	-0.187041	0.00341559	1212.54	1062.69	
0.254169	0.270285	1.04722	1.11743	-0.152295	0.284679	1285.09	1425.46	
0.255348	0.270386	1.07743	1.15797	-0.117948	0.286018	1270.63	1353.15	
0.255307	0.270669	1.10768	1.16179	-0.0978836	0.211959	1249.25	1246.27	
0.200912	0.170166	1.13883	0.945804	0.0272792	0.129574	1317.62	1588.11	
0.199758	0.169995	1.17061	0.95509	0.0334274	0.0113864	1294.48	1472.41	
0.199966	0.170061	1.20371	0.961061	0.0320974	-0.0515694	1276.92	1384.6	
0.199926	0.170026	1.23722	0.958658	0.029402	-0.0852079	1276.58	1382.89	
0.199583	0.169898	1.271	0.947039	0.0222739	-0.0975239	1283.22	1416.11	
0.199868	0.202921	1.13869	0.953401	-0.0615595	0.134758	1295.75	1478.77	
0.198976	0.202668	1.17062	0.981562	-0.0664052	0.0122031	1273.83	1369.14	
0.199132	0.202652	1.20371	0.984882	-0.0694202	-0.0525383	1255.42	1277.08	
0.199089	0.202622	1.2371	0.982701	-0.0724776	-0.0919806	1255.95	1279.75	
0.199057	0.202708	1.27069	0.981308	-0.0733011	-0.106457	1260.91	1304.54	
0.200358	0.236283	1.13877	0.965771	-0.115004	0.136477	1285.3	1426.49	
0.19943	0.236069	1.17064	0.992382	-0.119025	0.0131728	1263.31	1316.56	
0.199638	0.236075	1.20369	0.997756	-0.123393	-0.0533315	1244.74	1223.72	
0.199597	0.236108	1.23706	0.99594	-0.124714	-0.0936159	1245.72	1228.58	
0.199478	0.236277	1.27064	0.991241	-0.120206	-0.111137	1250.91	1254.56	
0.200206	0.270092	1.13886	0.973869	-0.123032	0.127651	1295.88	1479.41	
0.199147	0.269808	1.1707	0.983342	-0.141325	0.0122686	1271.31	1356.53	
0.199346	0.269779	1.20374	0.989152	-0.145243	-0.0521761	1253.08	1265.39	
0.199291	0.269827	1.23715	0.986769	-0.145809	-0.091184	1254.06	1270.29	
0.199268	0.270093	1.27085	0.985258	-0.137048	-0.10644	1257.01	1285.05	
0.258015	0.172423	1.13823	1.21916	0.0670068	0.0957087	1281.64	1408.18	
0.257758	0.172198	1.16969	1.23519	0.0621886	-0.0140526	1252.99	1264.96	
0.257738	0.172192	1.20224	1.23665	0.0624435	-0.0820742	1231.05	1155.27	
0.257971	0.172198	1.23588	1.24367	0.0644334	-0.109047	1211.58	1057.91	
0.256766	0.172413	1.27025	1.20582	0.0690321	-0.114941	1216.85	1084.25	
0.257609	0.203753	1.13865	1.21512	-0.0198465	0.11155	1255.72	1278.6	
0.25726	0.203334	1.1699	1.23229	-0.0305238	-0.005157	1226.42	1132.1	
0.257356	0.20324	1.20237	1.23969	-0.0342637	-0.0768566	1203.93	1019.67	
0.257618	0.203282	1.23579	1.24786	-0.0317803	-0.112074	1183.81	919.056	
0.256888	0.203629	1.27021	1.23118	-0.0253981	-0.112048	1184.7	923.51	
0.258264	0.23604	1.13877	1.24126	-0.0901017	0.117436	1216.91	1084.56	
0.257902	0.235582	1.16998	1.25807	-0.100572	-0.00156907	1188.32	941.61	
0.257961	0.235461	1.20241	1.26398	-0.106146	-0.0745387	1166.05	830.247	
0.25819	0.235499	1.2358	1.27086	-0.104724	-0.110623	1147.58	737.918	
0.257434	0.235957	1.27023	1.25346	-0.0963679	-0.109623	1147.74	738.687	
0.257778	0.269698	1.13854	1.24159	-0.129994	0.103468	1213.43	1067.17	
0.25707	0.269149	1.16989	1.23717	-0.145006	-0.00704136	1181.97	909.862	
0.257219	0.269036	1.20244	1.24578	-0.149369	-0.075075	1159.29	796.43	
0.257445	0.269151	1.23585	1.25351	-0.145295	-0.109708	1142.2	711.006	
0.256691	0.269492	1.27013	1.23155	-0.137578	-0.111162	1141.27	706.36	
0.201307	0.170411	1.30529	0.965821	0.0389433	-0.0545124	1258.46	1292.28	
0.199882	0.169947	1.34086	0.961844	0.0330787	-0.0149243	1235.31	1176.54	
0.199466	0.170255	1.3794	0.937464	0.0454549	0.160353	1169.08	845.41	
0.198224	0.171167	1.42249	0.904551	0.0978632	0.463926	1071.83	359.143	
0.200417	0.202876	1.30513	0.980863	-0.0631992	-0.0507435	1233.59	1167.96	
0.199208	0.202257	1.34103	0.993898	-0.0827923	-0.00703663	1208.4	1042	
0.198906	0.202265	1.37969	0.973202	-0.0765701	0.170926	1139.93	699.641	
0.197722	0.203227	1.42223	0.942197	-0.0394785	0.471474	1039.46	197.28	
0.200914	0.236078	1.30522	0.993404	-0.123484	-0.0481444	1222.1	1110.5	
0.199682	0.235415	1.3411	1.00562	-0.145538	-0.00345593	1196.32	981.617	
0.199428	0.235444	1.37964	0.986875	-0.143774	0.172056	1126.81	634.049	
0.198181	0.2362	1.42242	0.953524	-0.114121	0.476928	1025.58	127.89	
0.200677	0.269544	1.30559	0.997772	-0.144498	-0.0465693	1229.47	1147.35	
0.199472	0.269173	1.34123	1.0001	-0.167646	-0.00129194	1202.51	1012.57	
0.199255	0.269117	1.37978	0.984295	-0.167208	0.175704	1132.26	661.287	
0.198308	0.269708	1.42264	0.961453	-0.142523	0.48382	1032.17	160.867	
0.258546	0.172839	1.30437	1.2461	0.0868236	-0.103916	1210.6	1053.01	
0.257498	0.172431	1.34034	1.22478	0.0751527	-0.0235911	1179.57	897.852	
0.256178	0.172935	1.37911	1.17306	0.100353	0.168171	1119.29	596.436	
0.253066	0.174174	1.42111	1.06315	0.162684	0.428549	1006.9	34.4844	
0.258363	0.203802	1.30461	1.2526	-0.0163114	-0.0946251	1179.91	899.564	
0.257229	0.203224	1.34059	1.23305	-0.0324424	-0.0122898	1145.24	726.194	
0.256067	0.203623	1.37955	1.18824	-0.00876638	0.187208	1084.52	422.595	
0.253136	0.205086	1.42099	1.08487	0.0453456	0.446387	968.093	-159.537	
0.258969	0.235801	1.30474	1.27633	-0.09922	-0.087833	1140.87	704.327	
0.25782	0.235221	1.34072	1.25617	-0.113692	-0.00647291	1108.21	541.068	
0.256564	0.23559	1.37956	1.20713	-0.0947265	0.191798	1050.27	251.361	
0.253361	0.236744	1.42102	1.09173	-0.0565224	0.449248	937.372	-313.139	
0.258345	0.269166	1.30499	1.2709	-0.150158	-0.0837918	1135.75	678.763	
0.25714	0.268787	1.34072	1.24275	-0.158536	-0.00809053	1102.73	513.632	
0.256101	0.2691	1.3794	1.20171	-0.141088	0.184362	1044.5	222.518	
0.253286	0.270077	1.42071	1.10056	-0.106454	0.438781	937.248	-313.758	
0.155571	0.174269	1.52468	0.690476	0.137779	1.01571	1073.45	367.274	
0.156244	0.205853	1.52491	0.721153	0.047449	1.01873	1033.83	169.157	
0.156623	0.238299	1.52495	0.740997	-0.0257918	1.01772	1010.95	54.7376	
0.15638	0.2719	1.52551	0.740301	-0.065303	1.03547	1006.35	31.7271	
0.237183	0.150016	1.50989	0.763812	0.339526	0.700707	938.06	-309.698	
0.197478	0.172254	1.47016	0.874883	0.154229	0.792247	1013.94	69.6957	
0.198636	0.17584	1.52122	0.885872	0.201953	0.877868	1029.21	146.033	
0.197579	0.203554	1.47022	0.927967	0.0258185	0.807323	972.503	-137.485	
0.19907	0.20688	1.52089	0.929598	0.0944556	0.866027	994.922	-25.3882	
0.198021	0.235638	1.47061	0.940834	-0.0698619	0.817884	952.777	-236.113	
0.199379	0.23854	1.52089	0.943149	-0.00856942	0.861128	972.862	-135.691	
0.19773	0.268933	1.47085	0.93753	-0.103855	0.814998	953.007	-234.963	
0.199253	0.271238	1.52116	0.93907	-0.0727572	0.865491	966.296	-168.52	
0.247909	0.175897	1.46856	0.910055	0.220495	0.720513	966.866	-165.67	
0.240278	0.177138	1.51217	0.828378	0.212455	0.728185	940.088	-299.559	
0.247859	0.206645	1.46931	0.919085	0.123117	0.752488	928.937	-355.316	
0.240275	0.208356	1.51188	0.836665	0.135798	0.717429	915.363	-423.185	
0.247664	0.237827	1.46953	0.908605	0.00891761	0.763945	901.657	-491.714	
0.239737	0.239078	1.51127	0.817458	0.00419182	0.693412	893.063	-534.686	
0.247473	0.270557	1.46874	0.915813	-0.0601041	0.740242	899.514	-502.43	
0.239351	0.27174	1.51088	0.814764	-0.0749482	0.699161	893.402	-532.989	
0.291486	0.304321	0.976708	0.609396	-0.123305	0.437208	1068.99	344.966	
0.291379	0.337251	0.976668	0.604174	-0.180675	0.437313	1096.11	480.528	
0.290076	0.367346	0.975917	0.557142	-0.317939	0.42308	1131.11	655.534	
0.283102	0.399518	0.970042	0.329884	-0.328274	0.302908	1332.22	1661.09	
0.280599	0.303845	1.00919	0.945683	-0.143353	0.539989	1215.46	1077.28	
0.280246	0.335919	1.01075	0.930961	-0.213938	0.601786	1249.03	1245.17	
0.280134	0.366816	1.01299	0.915815	-0.307917	0.694526	1202.35	1011.73	
0.271852	0.398708	1.00631	0.621382	-0.208895	0.512583	1255.36	1276.81	
0.191477	0.30342	1.01202	0.707811	-0.111585	0.152634	1330.89	1654.44	
0.199588	0.305935	1.04517	0.922411	-0.0634839	0.253893	1303.65	1518.27	
0.199423	0.305735	1.07654	0.920064	-0.0500881	0.240781	1333.98	1669.88	
0.199732	0.305339	1.10764	0.938862	-0.057119	0.19109	1324.57	1622.84	
0.189183	0.337613	1.01192	0.678497	-0.15114	0.154674	1345.16	1725.79	
0.197411	0.340057	1.04516	0.898994	-0.101919	0.258565	1318.65	1593.27	
0.197279	0.339602	1.07646	0.901312	-0.0986327	0.23963	1350.54	1752.72	
0.19792	0.339726	1.10697	0.92996	-0.0860245	0.168741	1337.77	1688.87	
0.18775	0.370972	1.01153	0.632403	-0.216811	0.142032	1384.29	1921.46	
0.195335	0.373149	1.04498	0.834911	-0.17297	0.25479	1352.75	1763.77	
0.19522	0.37294	1.07608	0.839073	-0.158126	0.227583	1378.13	1890.66	
0.195821	0.372854	1.10668	0.866767	-0.150465	0.152867	1365.49	1827.45	
0.183359	0.403366	1.01046	0.470099	-0.322362	0.0954137	1758.03	3790.16	
0.188281	0.407179	1.04225	0.595748	-0.225422	0.178648	1807.8	4039.01	
0.187583	0.405697	1.07445	0.583009	-0.241362	0.176716	1782.12	3910.61	
0.187958	0.406363	1.10559	0.602098	-0.202273	0.107468	1756.79	3783.96	
0.246819	0.300999	1.00859	0.915738	-0.221744	-0.0456745	1235.31	1176.54	
0.257058	0.303343	1.04676	1.19328	-0.195932	0.263977	1300.17	1500.84	
0.25838	0.303649	1.07731	1.24272	-0.157361	0.280752	1281.31	1406.57	
0.257803	0.303546	1.10808	1.22802	-0.151951	0.217805	1261.36	1306.82	
0.245116	0.333775	1.00897	0.875917	-0.285277	-0.0421965	1256.29	1281.45	
0.254973	0.335547	1.04698	1.13874	-0.275162	0.266283	1332.13	1660.66	
0.256386	0.335894	1.07731	1.19371	-0.233166	0.277245	1313	1564.98	
0.256072	0.336278	1.10755	1.18885	-0.211055	0.201175	1288.83	1444.15	
0.243319	0.364715	1.00861	0.825276	-0.393731	-0.0543545	1283.84	1419.21	
0.254551	0.367896	1.04707	1.1385	-0.308622	0.280358	1320.31	1601.53	
0.255674	0.368122	1.07664	1.18495	-0.261274	0.255437	1292.91	1464.57	
0.255668	0.368184	1.10703	1.18858	-0.247075	0.182837	1268.56	1342.79	
0.235773	0.398668	1.00688	0.641237	-0.332485	-0.0969226	1388.37	1941.86	
0.242073	0.401667	1.04269	0.781646	-0.246894	0.160627	1460.5	2302.5	
0.242394	0.401081	1.07435	0.802371	-0.216265	0.176452	1422.17	2110.86	
0.242337	0.401427	1.10567	0.791286	-0.192061	0.135515	1387.3	1936.49	
0.201887	0.30444	1.13913	0.977757	-0.0922325	0.142842	1274.67	1373.37	
0.200875	0.304123	1.17073	0.993683	-0.0938964	0.0169815	1251.16	1255.78	
0.201081	0.304068	1.20371	0.999512	-0.100658	-0.0508367	1232.01	1160.06	
0.201053	0.304078	1.2371	0.998046	-0.101755	-0.0899321	1232.01	1160.04	
0.200804	0.303966	1.27107	0.991709	-0.107926	-0.0940493	1237.25	1186.24	
0.199732	0.338166	1.13886	0.952358	-0.143022	0.141203	1290.36	1451.82	
0.198911	0.33802	1.1707	0.982363	-0.14436	0.0149359	1268.82	1344.08	
0.198994	0.337903	1.20373	0.984878	-0.15034	-0.0520257	1250.33	1251.64	
0.198978	0.337858	1.2371	0.983387	-0.154254	-0.0918938	1250.68	1253.4	
0.198962	0.338104	1.27059	0.98164	-0.147624	-0.110616	1253.83	1269.14	
0.197681	0.370738	1.13881	0.893241	-0.228257	0.139273	1314.62	1573.1	
0.196548	0.370542	1.17065	0.912137	-0.232002	0.0114332	1296.46	1482.3	
0.196779	0.370386	1.20381	0.917379	-0.243498	-0.0497737	1278.47	1392.35	
0.19676	0.370431	1.23722	0.916114	-0.244663	-0.0882028	1280.54	1402.68	
0.196753	0.370747	1.27065	0.91455	-0.233757	-0.113314	1283.74	1418.71	
0.190031	0.404015	1.13801	0.650754	-0.276991	0.0949701	1656.69	3283.46	
0.18848	0.403729	1.17061	0.638253	-0.295389	0.00181561	1635.64	3178.22	
0.188735	0.403529	1.20422	0.645024	-0.308658	-0.0359168	1622.76	3113.8	
0.188602	0.403556	1.23788	0.639205	-0.310622	-0.0643798	1630.04	3150.19	
0.188577	0.404217	1.27131	0.636396	-0.285991	-0.0936034	1641.75	3208.75	
0.25974	0.302303	1.13877	1.27862	-0.196131	0.118363	1227.88	1139.4	
0.2596	0.301997	1.1699	1.30008	-0.203495	-0.00359054	1199.16	995.819	
0.25961	0.301873	1.20229	1.30325	-0.208878	-0.0783076	1175.1	875.481	
0.259777	0.301975	1.23575	1.30787	-0.204753	-0.111552	1155.5	777.514	
0.258859	0.302266	1.2703	1.28376	-0.198411	-0.1119	1155.32	776.6	
0.258143	0.334444	1.13868	1.24306	-0.276383	0.109508	1258.42	1292.08	
0.257914	0.334102	1.16986	1.26426	-0.286064	-0.00851778	1233.64	1168.22	
0.257956	0.33397	1.20225	1.26969	-0.291974	-0.0828048	1209.99	1049.97	
0.258224	0.334015	1.23567	1.27831	-0.289531	-0.116987	1190.87	954.344	
0.257327	0.334688	1.26992	1.25372	-0.270764	-0.122262	1187.37	936.871	
0.2571	0.365746	1.13859	1.22828	-0.329875	0.0966279	1236.4	1181.99	
0.256874	0.365525	1.1697	1.2401	-0.340265	-0.018743	1216.55	1082.77	
0.25692	0.365151	1.20219	1.24389	-0.356073	-0.0875158	1196.16	980.785	
0.257173	0.36511	1.23561	1.25204	-0.358879	-0.121049	1180.54	902.678	
0.256496	0.365796	1.26987	1.23172	-0.33992	-0.12315	1174.2	870.996	
0.244562	0.399549	1.13779	0.872646	-0.252957	0.0663233	1318.62	1593.09	
0.243504	0.398961	1.16989	0.852652	-0.27086	-0.0144133	1286.67	1433.35	
0.243696	0.398652	1.20276	0.859119	-0.283509	-0.0689211	1266.96	1334.81	
0.243951	0.398519	1.23617	0.868427	-0.290107	-0.102704	1259.11	1295.55	
0.243227	0.39925	1.27025	0.833276	-0.271866	-0.103346	1267.02	1335.09	
0.202411	0.303961	1.30549	1.00379	-0.11279	-0.0444721	1207.7	1038.5	
0.201094	0.303284	1.34118	1.00521	-0.129788	5.34631e-05	1182.62	913.097	
0.200663	0.303027	1.37989	0.980454	-0.140234	0.179446	1113.29	566.432	
0.199419	0.302943	1.42315	0.948722	-0.123752	0.482454	1017.62	88.102	
0.200273	0.337635	1.30533	0.979378	-0.166387	-0.0422535	1226.97	1134.86	
0.199148	0.337015	1.34107	0.994859	-0.187907	-0.00645839	1203.71	1018.53	
0.198755	0.336396	1.37948	0.9723	-0.206701	0.159174	1139.07	695.327	
0.197474	0.336408	1.42193	0.935144	-0.208229	0.460152	1041.8	209.011	
0.198112	0.369808	1.30557	0.915036	-0.269318	-0.0332182	1256.5	1282.51	
0.196799	0.369161	1.34089	0.925494	-0.292933	-0.0171283	1238.96	1194.81	
0.196621	0.368316	1.37858	0.908468	-0.330553	0.120975	1180.74	903.686	
0.195354	0.367466	1.42037	0.874404	-0.362617	0.400069	1083.51	417.559	
0.190352	0.402892	1.30583	0.666818	-0.324383	-0.0361737	1587.57	2937.83	
0.188669	0.402489	1.34087	0.648684	-0.350449	-0.0281487	1573.2	2866	
0.188675	0.401607	1.37739	0.642251	-0.389679	0.0607705	1517.09	2585.46	
0.187657	0.400992	1.41696	0.616401	-0.411046	0.263509	1413.05	2065.26	
0.260374	0.301882	1.3047	1.31083	-0.213423	-0.0886305	1149.2	745.976	
0.259378	0.301484	1.34064	1.2923	-0.224477	-0.00900403	1117.92	589.605	
0.25792	0.301672	1.37958	1.23564	-0.213591	0.189638	1056.82	284.105	
0.254444	0.302406	1.42143	1.11058	-0.169396	0.436602	944.987	-275.063	
0.258885	0.333916	1.30465	1.27999	-0.298755	-0.0960954	1184.04	920.217	
0.257853	0.33337	1.34041	1.26378	-0.316874	-0.0223583	1156.79	783.946	
0.256647	0.333367	1.37902	1.21715	-0.310039	0.162073	1098.74	493.717	
0.253511	0.334378	1.42045	1.10365	-0.273598	0.426934	984.955	-75.2274	
0.257554	0.364737	1.30497	1.25078	-0.374015	-0.0922982	1170.03	850.131	
0.256769	0.364258	1.34008	1.23637	-0.395676	-0.0410428	1152.05	760.273	
0.255689	0.363673	1.3778	1.19251	-0.417081	0.112058	1102.61	513.062	
0.252562	0.363532	1.41895	1.07151	-0.425641	0.375373	994.627	-26.866	
0.24497	0.398342	1.30515	0.891625	-0.303111	-0.0829971	1247.81	1239.05	
0.243572	0.397816	1.34007	0.856173	-0.320821	-0.0470549	1226.31	1131.53	
0.242976	0.397109	1.37633	0.830432	-0.34754	0.0441917	1182.02	910.091	
0.241571	0.396862	1.41554	0.768621	-0.363492	0.249068	1095.97	479.87	
0.156963	0.304622	1.52529	0.747737	-0.122934	1.03412	1022.3	111.506	
0.155853	0.33677	1.52527	0.708271	-0.205697	1.0348	1053.15	265.751	
0.153851	0.366335	1.52515	0.643304	-0.347839	1.03347	1063.95	319.736	
0.198623	0.301979	1.471	0.916408	-0.129621	0.816697	954.742	-226.288	
0.199685	0.303681	1.52146	0.922363	-0.134783	0.878517	975.771	-121.144	
0.197077	0.334505	1.46984	0.907907	-0.226657	0.791655	973.011	-134.945	
0.198728	0.335563	1.52113	0.918146	-0.237004	0.876898	1014.05	70.269	
0.194813	0.363782	1.46845	0.839577	-0.422897	0.75929	984.592	-77.0377	
0.197099	0.364269	1.52059	0.87965	-0.378583	0.857307	995.732	-21.3421	
0.18708	0.397401	1.46198	0.597814	-0.429528	0.578714	1166.86	834.286	
0.188956	0.396522	1.51263	0.66058	-0.347168	0.666988	1056.8	284.003	
0.2483	0.302734	1.46933	0.915838	-0.149439	0.74575	910.783	-446.087	
0.239903	0.303491	1.51164	0.813309	-0.171937	0.708282	900.25	-498.749	
0.248071	0.334221	1.46847	0.928313	-0.24908	0.718811	948.004	-259.979	
0.240469	0.335697	1.51221	0.842972	-0.236979	0.733793	940.087	-299.563	
0.246796	0.36197	1.46706	0.886996	-0.419266	0.682809	936.805	-315.973	
0.239685	0.362109	1.51141	0.803956	-0.397209	0.702931	913.873	-430.635	
0.238263	0.394579	1.45986	0.684043	-0.368425	0.494137	956.001	-219.995	
0.234437	0.39358	1.50689	0.611819	-0.344793	0.536607	879.178	-604.112	
0.329546	0.113195	0.984695	0.464557	0.214347	0.655964	1104.26	521.297	
0.333048	0.145386	0.985849	0.583077	0.292837	0.716389	1015.99	79.9349	
0.357036	0.112824	0.959427	0.198708	0.230338	0.67934	1177.18	885.906	
0.359331	0.144893	0.962333	0.271112	0.303337	0.761822	1046.51	232.534	
0.383435	0.111951	0.926141	0.210136	0.287472	0.469506	1279.32	1396.58	
0.387897	0.144082	0.929555	0.330629	0.298877	0.555002	1034.83	174.13	
0.429581	0.113803	0.934822	0.363273	0.242624	0.666361	1089.58	447.903	
0.432029	0.14609	0.936834	0.439346	0.316409	0.758226	1003.9	19.5083	
0.334052	0.174594	0.986654	0.614104	0.160152	0.722334	1020.9	104.509	
0.334465	0.205936	0.986433	0.632722	0.0663306	0.712923	992.598	-37.0108	
0.334546	0.238423	0.986209	0.63632	-0.00288847	0.703102	973.036	-134.818	
0.334578	0.27159	0.986113	0.637187	-0.0494916	0.699573	968.806	-155.968	
0.358855	0.174729	0.963707	0.284467	0.165752	0.777375	1049.36	246.808	
0.359516	0.205677	0.964293	0.295423	0.0640206	0.806306	1019.52	97.6125	
0.359429	0.238119	0.96476	0.294503	-0.00641249	0.823524	998.072	-9.64141	
0.359457	0.271243	0.964722	0.289883	-0.0500607	0.830672	987.218	-63.9099	
0.388456	0.173887	0.931321	0.339987	0.17112	0.609255	999.777	-1.1168	
0.388228	0.205382	0.932444	0.361088	0.049753	0.650678	963.246	-183.772	
0.388661	0.237984	0.932931	0.377635	-0.0220382	0.674719	946.936	-265.32	
0.38922	0.271088	0.932958	0.390255	-0.0588802	0.683868	940.734	-296.331	
0.432788	0.17473	0.937599	0.449922	0.16471	0.777069	1008.29	41.4301	
0.432443	0.206246	0.937491	0.444427	0.0784795	0.769537	972.44	-137.8	
0.432543	0.238507	0.937364	0.447028	0.001426	0.764318	951.157	-244.215	
0.432497	0.27182	0.937545	0.449526	-0.04728	0.764253	948.212	-258.94	
0.334533	0.304438	0.98637	0.635851	-0.112377	0.707561	976.826	-115.87	
0.334776	0.336747	0.987128	0.645293	-0.190201	0.745548	1015.51	77.5679	
0.334282	0.365596	0.988056	0.618977	-0.352238	0.773021	1003.77	18.8723	
0.32838	0.396918	0.982697	0.45089	-0.284165	0.615868	1047.79	238.927	
0.359469	0.304235	0.964749	0.310516	-0.124784	0.820891	998.317	-8.41279	
0.35982	0.336051	0.964738	0.308208	-0.215804	0.825959	1042.7	213.495	
0.360309	0.365461	0.965061	0.306195	-0.37454	0.845983	1047.4	237.017	
0.355466	0.396717	0.957076	0.16531	-0.319342	0.640522	1108.02	540.103	
0.389247	0.303987	0.933037	0.372723	-0.101661	0.67863	942.845	-285.773	
0.38832	0.336318	0.932712	0.364456	-0.207399	0.663667	981.705	-91.4726	
0.387838	0.366042	0.931581	0.344427	-0.374685	0.62886	1028.81	144.047	
0.383127	0.397937	0.92436	0.209429	-0.382488	0.454235	1222.33	1111.67	
0.432744	0.304601	0.937606	0.449216	-0.109734	0.775206	961.623	-191.884	
0.432807	0.336835	0.938072	0.459519	-0.188389	0.796583	998.53	-7.34986	
0.433164	0.365094	0.938631	0.469562	-0.374113	0.806659	990.704	-46.4796	
0.428461	0.39632	0.932928	0.349865	-0.312716	0.630892	1035.17	175.828	
0.556609	0.112247	0.851582	0.253512	0.296215	0.47673	1235.51	1177.57	
0.559171	0.144687	0.856768	0.323272	0.312214	0.624773	1017.21	86.0502	
0.458978	0.112973	0.910075	0.168915	0.234747	0.707253	1168.37	841.856	
0.460572	0.14514	0.913299	0.216721	0.306491	0.795773	1040.09	200.472	
0.484539	0.11163	0.87637	0.153779	0.273972	0.479933	1313.33	1566.63	
0.488945	0.143683	0.880105	0.278168	0.282327	0.578529	1075.64	378.215	
0.528463	0.113462	0.88619	0.297969	0.258685	0.694276	1097.21	486.06	
0.530191	0.146594	0.888632	0.346593	0.340405	0.776718	966.432	-167.839	
0.559557	0.17401	0.858035	0.343994	0.160326	0.667394	1000.74	3.68889	
0.560274	0.205695	0.858876	0.360979	0.0575712	0.710796	959.046	-204.769	
0.56041	0.2383	0.859439	0.36893	-0.0128637	0.736117	939.495	-302.524	
0.560584	0.271625	0.859567	0.37527	-0.0515724	0.743329	935.609	-321.954	
0.459877	0.174855	0.914713	0.211318	0.168656	0.824029	1042.93	214.629	
0.460359	0.205827	0.915356	0.213845	0.069053	0.854819	1010.73	53.6254	
0.46016	0.238276	0.915827	0.208526	-0.00142407	0.871743	987.294	-63.5324	
0.460236	0.271325	0.915862	0.211854	-0.0530972	0.873895	976.603	-116.987	
0.489187	0.173834	0.881835	0.280319	0.167353	0.633937	1046.84	234.177	
0.489108	0.205482	0.8831	0.303364	0.0527676	0.681256	1010	50.0093	
0.489588	0.238054	0.883638	0.322746	-0.0216468	0.706684	991.723	-41.3873	
0.490182	0.270953	0.883644	0.336999	-0.065666	0.714161	984.578	-77.1087	
0.530732	0.175033	0.889294	0.372999	0.1785	0.783993	968.73	-156.349	
0.530585	0.206457	0.889101	0.370318	0.0898725	0.774902	933.936	-330.32	
0.530682	0.238437	0.889044	0.372474	1.41189e-05	0.772919	913.083	-434.583	
0.530708	0.272008	0.889303	0.361921	-0.0505201	0.782498	912.954	-435.23	
0.560161	0.304718	0.85968	0.372769	-0.0911029	0.734695	944.801	-275.993	
0.560372	0.337254	0.859114	0.365132	-0.176005	0.721462	977.781	-111.094	
0.559662	0.366486	0.858676	0.346505	-0.363088	0.701184	1014	69.9882	
0.556029	0.397872	0.849742	0.245267	-0.382009	0.464301	1192.84	964.202	
0.460243	0.304355	0.915765	0.226088	-0.12171	0.867332	990.245	-48.7742	
0.460753	0.336184	0.915774	0.230772	-0.210767	0.873266	1035.02	175.109	
0.461558	0.365523	0.915916	0.243874	-0.372018	0.884407	1039.77	198.873	
0.457382	0.396707	0.907672	0.133368	-0.319133	0.666766	1104.49	522.431	
0.490055	0.303891	0.883635	0.316839	-0.108351	0.706991	989.643	-51.7857	
0.489156	0.336363	0.883344	0.304521	-0.207374	0.69329	1029.58	147.894	
0.488796	0.36632	0.882113	0.286984	-0.364683	0.654248	1074	369.99	
0.484429	0.39825	0.874469	0.160057	-0.372496	0.460891	1258.53	1292.67	
0.530766	0.304501	0.889436	0.374085	-0.115189	0.788803	926.756	-366.221	
0.53084	0.336734	0.889757	0.381994	-0.189496	0.803755	959.125	-204.375	
0.530811	0.364688	0.89039	0.372673	-0.401655	0.817843	945.765	-271.177	
0.527588	0.396782	0.884082	0.28233	-0.324788	0.654522	1041.09	205.44	
0.631325	0.112917	0.834821	0.231354	0.234627	0.698857	1165.74	828.685	
0.632766	0.144913	0.837799	0.261484	0.304307	0.785529	1028.89	144.444	
0.657065	0.11198	0.80117	0.209968	0.288872	0.470961	1279.7	1398.51	
0.661523	0.144138	0.80466	0.330019	0.30158	0.560238	1034.33	171.671	
0.703222	0.113837	0.80981	0.363553	0.243979	0.66585	1088.37	441.838	
0.705709	0.14613	0.811759	0.44087	0.318091	0.755581	1001.92	9.60027	
0.600469	0.113798	0.859183	0.340704	0.244763	0.639073	1098.42	492.092	
0.602752	0.14656	0.861166	0.408551	0.346098	0.739002	1006.55	32.7551	
0.631885	0.174597	0.839183	0.255816	0.158808	0.801358	1028.36	141.782	
0.632306	0.205453	0.839771	0.255101	0.0528236	0.830388	996.315	-18.4238	
0.632073	0.238032	0.840159	0.246716	-0.0108281	0.84377	974.786	-126.069	
0.632136	0.271249	0.840024	0.243345	-0.0497608	0.846159	964.214	-178.932	
0.662027	0.173899	0.80648	0.336607	0.171587	0.616902	997.953	-10.2355	
0.661751	0.205359	0.807611	0.355438	0.0486754	0.658784	960.723	-196.383	
0.662156	0.237964	0.808084	0.370751	-0.0229258	0.682189	944.248	-278.758	
0.662737	0.271103	0.808097	0.384312	-0.0581542	0.69069	938.218	-308.91	
0.706498	0.174697	0.812506	0.452458	0.163096	0.773525	1005.65	28.2556	
0.706127	0.206142	0.812436	0.445989	0.0745994	0.767776	970.186	-149.071	
0.706174	0.238441	0.812349	0.446654	-0.00140711	0.763754	948.826	-255.872	
0.706137	0.271793	0.812505	0.449093	-0.0484756	0.763214	945.607	-271.965	
0.603044	0.175206	0.862417	0.413181	0.189861	0.766891	1008.19	40.9699	
0.603231	0.206425	0.862513	0.417797	0.0918221	0.772648	977.279	-113.603	
0.60343	0.238734	0.862507	0.425666	0.0119541	0.773298	955.074	-224.63	
0.603622	0.271744	0.862536	0.435186	-0.0431069	0.775359	949.658	-251.709	
0.632053	0.304489	0.84013	0.260054	-0.112211	0.839991	975.305	-123.475	
0.632724	0.336387	0.840217	0.273218	-0.198633	0.850304	1020.63	103.168	
0.633573	0.365657	0.840565	0.288282	-0.364515	0.871717	1028.1	140.479	
0.629655	0.396719	0.832398	0.192746	-0.31908	0.656825	1098.34	491.699	
0.662769	0.30401	0.80818	0.36681	-0.100496	0.685496	940.077	-299.614	
0.661873	0.336328	0.807877	0.360098	-0.20666	0.671765	979.301	-103.494	
0.661473	0.366008	0.806707	0.344465	-0.376194	0.635124	1028.41	142.034	
0.656784	0.397908	0.799388	0.210582	-0.383926	0.455659	1223.11	1115.54	
0.706439	0.304524	0.812536	0.449031	-0.111569	0.773606	959.379	-203.107	
0.706441	0.336789	0.81295	0.4587	-0.189067	0.791355	996.544	-17.281	
0.706763	0.365061	0.813471	0.467639	-0.37505	0.798747	982.109	-89.4536	
0.70207	0.396259	0.807913	0.348577	-0.315546	0.630153	1031.56	157.806	
0.603447	0.304286	0.862767	0.431255	-0.120741	0.782862	959.735	-201.324	
0.603497	0.336129	0.863136	0.429247	-0.219853	0.801717	1002.56	12.7997	
0.603816	0.364455	0.863575	0.434627	-0.40496	0.806596	996.178	-19.1125	
0.599479	0.39635	0.857419	0.331981	-0.315568	0.609748	1045.52	227.596	
0.732674	0.112858	0.784989	0.171703	0.231185	0.703365	1170.91	854.556	
0.734382	0.144956	0.788114	0.218071	0.307039	0.793783	1041.81	209.054	
0.758109	0.111497	0.751284	0.138533	0.265979	0.476349	1309.81	1549.07	
0.761338	0.143449	0.755011	0.217321	0.262063	0.571887	1078.77	393.843	
0.801306	0.111773	0.764358	0.188282	0.15899	0.844413	1221.57	1107.83	
0.802031	0.143854	0.76614	0.196749	0.228237	0.909679	1078.89	394.47	
0.811397	0.107641	0.724724	-0.327372	0.145656	0.539062	1890.24	4451.22	
0.81242	0.138686	0.726126	-0.283067	0.0815787	0.52285	1618.03	3090.15	
0.733791	0.174648	0.78957	0.207985	0.174114	0.823096	1043.25	216.262	
0.734014	0.205616	0.790284	0.214596	0.0649665	0.851372	1011.84	59.1868	
0.733833	0.238059	0.79075	0.209156	-0.00805215	0.86884	989.453	-52.7368	
0.733978	0.271093	0.790725	0.210518	-0.0551012	0.87358	979.952	-100.238	
0.761289	0.173599	0.756599	0.188455	0.155428	0.626947	1055.83	279.14	
0.760836	0.205401	0.75793	0.202523	0.0477028	0.67344	1021.13	105.636	
0.761202	0.238008	0.758379	0.214514	-0.022855	0.69616	1003.13	15.6418	
0.761685	0.271045	0.758464	0.23276	-0.069052	0.703916	998.19	-9.05043	
0.800846	0.174591	0.767787	0.147985	0.138112	0.948658	1068.69	343.43	
0.800692	0.205535	0.767409	0.129626	0.0434825	0.942288	1056.68	283.404	
0.80043	0.238345	0.767343	0.117649	-0.00774581	0.937928	1036.24	181.213	
0.800318	0.271993	0.767509	0.116767	-0.0386475	0.937949	1026.42	132.1	
0.810577	0.1717	0.728288	-0.335843	0.0442928	0.595021	1554.03	2770.14	
0.810606	0.204471	0.728394	-0.336097	-0.0115013	0.599107	1537.56	2687.8	
0.810304	0.237831	0.728893	-0.347276	-0.0477287	0.619245	1523.5	2617.51	
0.811149	0.271095	0.728335	-0.322247	-0.0763309	0.601782	1528.29	2641.46	
0.731795	0.399021	0.783646	0.163543	-0.238763	0.699426	1122.82	614.09	
0.734046	0.304121	0.790599	0.218869	-0.118807	0.864505	992.991	-35.0455	
0.734297	0.335825	0.790572	0.225964	-0.219293	0.863147	1035.57	177.864	
0.734052	0.364759	0.788488	0.199553	-0.394065	0.794271	1038.44	192.213	
0.761671	0.304026	0.75839	0.203007	-0.102525	0.699311	1005.65	28.2705	
0.761051	0.336604	0.757962	0.21055	-0.195938	0.675826	1039.38	196.875	
0.761039	0.366748	0.756868	0.209394	-0.344098	0.642268	1072.05	360.25	
0.757732	0.39846	0.749317	0.134552	-0.359216	0.452488	1256.44	1282.2	
0.800111	0.305795	0.767937	0.115083	-0.0761423	0.952708	1035.8	178.975	
0.801244	0.337481	0.767848	0.153438	-0.161121	0.962316	1075.05	375.225	
0.802771	0.367302	0.767978	0.20839	-0.287324	0.959798	1065.27	326.363	
0.799685	0.398621	0.761544	0.147299	-0.218196	0.771637	1158.24	791.184	
0.810228	0.305313	0.729138	-0.348176	-0.0861018	0.626798	1512.36	2561.8	
0.810573	0.338727	0.728456	-0.338221	-0.122908	0.602678	1544.02	2720.08	
0.811138	0.371441	0.72783	-0.328535	-0.176792	0.5932	1595.39	2976.93	
0.812672	0.40281	0.722072	-0.282088	-0.237694	0.480177	1885.49	4427.43	
